+44 , -40 , +00 , -06
+44 , -39 , +00 , -05
+44 , -38 , +00 , -06
+44 , -38 , +01 , -07
+44 , -39 , +01 , -05
+44 , -39 , +01 , -05
+45 , -40 , +01 , -05
+44 , -39 , +01 , -06
+44 , -38 , +01 , -06
+44 , -39 , +01 , -06
+44 , -39 , +01 , -06
+44 , -39 , +01 , -06
+44 , -38 , +01 , -05
+44 , -38 , +01 , -05
+44 , -39 , +00 , -05
+45 , -40 , +00 , -06
+44 , -40 , +00 , -06
+44 , -40 , +00 , -07
+44 , -40 , +00 , -07
+44 , -38 , +01 , -06
+44 , -37 , +01 , -06
+44 , -38 , +02 , -06
+44 , -38 , +02 , -07
+44 , -38 , +01 , -05
+44 , -37 , +02 , -05
+44 , -37 , +03 , -05
+44 , -37 , +04 , -05
+44 , -36 , +05 , -05
+44 , -36 , +05 , -05
+44 , -36 , +05 , -05
+43 , -37 , +05 , -06
+43 , -37 , +05 , -06
+44 , -36 , +05 , -07
+44 , -36 , +05 , -07
+44 , -35 , +06 , -07
+44 , -35 , +06 , -07
+44 , -35 , +06 , -08
+44 , -35 , +06 , -07
+43 , -36 , +06 , -07
+43 , -35 , +06 , -07
+43 , -35 , +06 , -07
+43 , -36 , +05 , -07
+43 , -36 , +05 , -07
+43 , -36 , +05 , -07
+44 , -37 , +05 , -08
+43 , -37 , +05 , -08
+43 , -37 , +05 , -09
+43 , -37 , +06 , -09
+43 , -36 , +06 , -09
+43 , -37 , +06 , -09
+43 , -37 , +06 , -09
+43 , -37 , +06 , -09
+43 , -37 , +07 , -08
+43 , -38 , +07 , -09
+43 , -38 , +06 , -08
+43 , -38 , +06 , -08
+43 , -38 , +06 , -08
+43 , -37 , +06 , -08
+45 , -36 , +06 , -08
+45 , -36 , +05 , -08
+45 , -37 , +04 , -07
+44 , -37 , +03 , -08
+45 , -37 , +03 , -08
+45 , -37 , +03 , -08
+45 , -37 , +03 , -09
+45 , -37 , +02 , -08
+46 , -36 , +03 , -09
+46 , -37 , +02 , -08
+46 , -36 , +02 , -09
+46 , -36 , +02 , -09
+46 , -36 , +02 , -09
+46 , -36 , +02 , -09
+46 , -35 , +02 , -09
+46 , -35 , +03 , -09
+45 , -36 , +02 , -10
+46 , -35 , +02 , -10
+46 , -35 , +02 , -10
+46 , -35 , +02 , -11
+46 , -35 , +02 , -10
+46 , -35 , +02 , -10
+46 , -35 , +01 , -10
+46 , -35 , +03 , -09
+46 , -36 , +02 , -09
+46 , -32 , +01 , -08
+46 , -34 , +00 , -08
+46 , -34 , +00 , -08
+45 , -35 , -01 , -08
+45 , -36 , +00 , -08
+46 , -36 , +02 , -06
+46 , -37 , +00 , -07
+46 , -38 , +01 , -06
+46 , -38 , -02 , -04
+46 , -38 , -03 , -04
+45 , -38 , -02 , -04
+45 , -39 , -03 , -03
+45 , -39 , -03 , -03
+45 , -39 , -03 , -02
+44 , -39 , -03 , -01
+45 , -39 , -04 , +00
+44 , -39 , -04 , +02
+44 , -40 , -04 , +02
+44 , -40 , -04 , +03
+43 , -39 , -05 , +05
+45 , -40 , -05 , +05
+45 , -41 , -06 , +06
+45 , -41 , -06 , +06
+45 , -41 , -06 , +07
+45 , -41 , -07 , +08
+45 , -42 , -07 , +09
+45 , -41 , -07 , +09
+44 , -42 , -07 , +09
+44 , -42 , -06 , +10
+43 , -42 , -05 , +10
+43 , -42 , -04 , +10
+42 , -42 , -03 , +10
+42 , -41 , -03 , +10
+42 , -41 , -03 , +10
+41 , -41 , -03 , +11
+40 , -41 , -03 , +10
+39 , -41 , -03 , +11
+39 , -42 , -03 , +12
+38 , -41 , -03 , +13
+37 , -40 , -03 , +12
+36 , -41 , -03 , +12
+36 , -41 , -04 , +12
+35 , -40 , -04 , +12
+35 , -40 , -04 , +12
+34 , -40 , -05 , +11
+35 , -39 , -05 , +11
+34 , -38 , -06 , +11
+33 , -38 , -06 , +10
+32 , -38 , -06 , +10
+32 , -37 , -07 , +10
+31 , -36 , -07 , +09
+30 , -36 , -07 , +10
+30 , -36 , -06 , +10
+29 , -34 , -06 , +07
+28 , -33 , -05 , +07
+28 , -33 , -05 , +05
+27 , -32 , -05 , +04
+27 , -30 , -05 , +03
+27 , -30 , -04 , +04
+26 , -29 , -04 , +03
+26 , -28 , -04 , +03
+26 , -27 , -03 , +03
+25 , -26 , -03 , +02
+25 , -26 , -03 , +02
+24 , -25 , -03 , +02
+24 , -24 , -02 , +01
+23 , -23 , -01 , +01
+23 , -22 , -01 , +00
+22 , -20 , +00 , -01
+22 , -18 , +01 , -01
+21 , -17 , +01 , -02
+21 , -16 , +02 , -02
+19 , -15 , +03 , -01
+19 , -15 , +03 , -01
+18 , -14 , +03 , -01
+17 , -13 , +04 , +00
+17 , -12 , +04 , +01
+16 , -12 , +04 , +00
+15 , -11 , +03 , +01
+14 , -11 , +03 , +00
+13 , -11 , +03 , +01
+12 , -10 , +03 , +00
+11 , -09 , +04 , +00
+09 , -08 , +04 , +00
+08 , -07 , +04 , +00
+07 , -06 , +04 , -02
+06 , -06 , +03 , -02
+04 , -04 , +03 , -04
+04 , -04 , +03 , -04
+02 , -03 , +03 , -04
+01 , -02 , +03 , -05
+01 , -01 , +04 , -05
+00 , +00 , +04 , -04
-01 , +00 , +05 , -04
-01 , +01 , +05 , -05
-02 , +02 , +04 , -07
-02 , +03 , +04 , -04
-02 , +04 , +04 , -05
-03 , +05 , +04 , -04
-04 , +07 , +04 , -04
-04 , +08 , +03 , -03
-05 , +10 , +02 , -02
-06 , +11 , +02 , -02
-07 , +13 , +03 , -02
-07 , +13 , +03 , -02
-08 , +14 , +02 , +01
-08 , +15 , +01 , +03
-09 , +17 , +01 , +02
-09 , +18 , -01 , +03
-09 , +19 , -02 , +04
-10 , +19 , -02 , +04
-10 , +19 , -03 , +02
-10 , +19 , -02 , +02
-11 , +19 , -03 , +03
-11 , +19 , -03 , +03
-12 , +19 , -02 , +04
-13 , +19 , -03 , +05
-13 , +21 , -04 , +07
-13 , +18 , -04 , +07
-14 , +17 , -04 , +07
-14 , +15 , -05 , +07
-14 , +16 , -06 , +07
-16 , +16 , -08 , +07
-16 , +17 , -08 , +06
-17 , +18 , -09 , +05
-17 , +18 , -09 , +04
-17 , +19 , -09 , +04
-18 , +18 , -10 , +06
-18 , +19 , -09 , +07
-19 , +19 , -09 , +07
-19 , +19 , -09 , +07
-19 , +20 , -09 , +06
-19 , +21 , -10 , +05
-19 , +23 , -09 , +03
-19 , +26 , -09 , +03
-20 , +26 , -09 , +04
-20 , +27 , -08 , +03
-21 , +28 , -08 , +02
-22 , +29 , -08 , +02
-22 , +30 , -08 , +02
-22 , +32 , -08 , +01
-23 , +34 , -08 , +01
-23 , +34 , -07 , +01
-24 , +34 , -07 , +01
-25 , +34 , -06 , +00
-26 , +35 , -06 , +00
-25 , +37 , -06 , +00
-26 , +32 , -06 , -01
-27 , +34 , -06 , -01
-27 , +34 , -05 , +00
-28 , +33 , -04 , -02
-28 , +32 , -04 , -04
-29 , +33 , -03 , -06
-30 , +36 , -02 , -06
-30 , +36 , -01 , -05
-31 , +34 , -01 , -03
-32 , +34 , +00 , -03
-32 , +34 , +01 , -04
-32 , +34 , +00 , -04
-33 , +35 , +01 , -04
-33 , +35 , +03 , -04
-34 , +35 , +03 , -03
-34 , +36 , +03 , -03
-35 , +36 , +04 , -03
-35 , +36 , +05 , -03
-36 , +39 , +06 , -04
-37 , +39 , +07 , -05
-38 , +40 , +08 , -06
-39 , +40 , +08 , -07
-42 , +40 , +09 , -08
-43 , +40 , +10 , -07
-44 , +40 , +10 , -08
-44 , +41 , +10 , -07
-45 , +41 , +10 , -07
-45 , +41 , +10 , -07
-46 , +42 , +10 , -07
-46 , +44 , +10 , -08
-48 , +46 , +10 , -08
-48 , +46 , +10 , -08
-48 , +46 , +10 , -08
-50 , +46 , +10 , -07
-50 , +43 , +10 , -07
-51 , +44 , +10 , -06
-51 , +43 , +09 , -08
-51 , +43 , +09 , -07
-51 , +44 , +08 , -06
-50 , +44 , +08 , -06
-50 , +44 , +08 , -06
-49 , +44 , +08 , -05
-49 , +44 , +07 , -04
-46 , +44 , +07 , -02
-46 , +43 , +07 , +02
-46 , +43 , +06 , +03
-46 , +44 , +06 , +07
-46 , +44 , +06 , +06
-47 , +43 , +05 , +08
-48 , +42 , +04 , +09
-48 , +43 , +03 , +07
-47 , +45 , +02 , +07
-47 , +45 , +02 , +07
-48 , +46 , +00 , +06
-47 , +48 , +00 , +06
-46 , +48 , -01 , +05
-46 , +49 , -01 , +05
-46 , +50 , -02 , +04
-46 , +50 , -03 , +04
-46 , +50 , -03 , +01
-46 , +50 , -04 , -01
-45 , +50 , -05 , -03
-43 , +50 , -05 , -04
-44 , +50 , -06 , -05
-44 , +50 , -06 , -04
-44 , +51 , -07 , -05
-45 , +51 , -09 , -05
-44 , +45 , -10 , -05
-42 , +46 , -11 , -05
-42 , +47 , -12 , -05
-42 , +49 , -12 , -05
-42 , +49 , -13 , -04
-42 , +50 , -13 , -05
-42 , +49 , -13 , -05
-42 , +50 , -14 , -05
-42 , +50 , -15 , -04
-42 , +51 , -15 , -03
-42 , +52 , -15 , -02
-42 , +52 , -15 , -02
-42 , +52 , -16 , -02
-42 , +51 , -16 , -01
-41 , +52 , -16 , -02
-41 , +52 , -17 , -02
-41 , +51 , -17 , -01
-41 , +51 , -18 , +00
-41 , +50 , -18 , -01
-41 , +49 , -18 , +00
-41 , +49 , -18 , +00
-40 , +49 , -18 , +00
-40 , +49 , -18 , +00
-41 , +49 , -19 , +00
-40 , +49 , -19 , +00
-40 , +48 , -19 , +00
-39 , +48 , -19 , +00
-41 , +48 , -19 , +00
-40 , +48 , -20 , +00
-41 , +48 , -20 , +00
-42 , +47 , -20 , +00
-42 , +48 , -19 , +00
-42 , +48 , -19 , +00
-42 , +49 , -20 , +00
-42 , +49 , -20 , +00
-42 , +48 , -19 , +00
-42 , +49 , -19 , +00
-42 , +49 , -19 , +00
-42 , +50 , -19 , +00
-42 , +49 , -19 , +01
