-43 , +62 , -09 , -10
-43 , +63 , -10 , -10
-43 , +63 , -10 , -10
-43 , +63 , -10 , -09
-43 , +64 , -09 , -08
-43 , +65 , -10 , -09
-43 , +62 , -10 , -09
-43 , +63 , -09 , -08
-43 , +64 , -08 , -07
-44 , +63 , -08 , -08
-44 , +63 , -08 , -08
-44 , +60 , -08 , -08
-44 , +61 , -07 , -08
-44 , +61 , -08 , -08
-44 , +60 , -08 , -09
-44 , +59 , -09 , -09
-44 , +60 , -08 , -08
-44 , +59 , -07 , -07
-44 , +54 , -08 , -08
-45 , +53 , -08 , -08
-44 , +53 , -09 , -09
-44 , +53 , -09 , -09
-44 , +54 , -07 , -07
-43 , +55 , -07 , -08
-44 , +55 , -08 , -08
-43 , +55 , -08 , -07
-43 , +56 , -08 , -07
-42 , +56 , -08 , -07
-42 , +57 , -08 , -07
-43 , +58 , -09 , -07
-43 , +58 , -09 , -07
-43 , +58 , -09 , -07
-43 , +59 , -10 , -08
-43 , +58 , -10 , -07
-43 , +58 , -10 , -07
-43 , +58 , -09 , -07
-43 , +57 , -08 , -07
-43 , +56 , -08 , -06
-43 , +56 , -08 , -05
-42 , +56 , -08 , -05
-42 , +56 , -08 , -05
-42 , +56 , -08 , -05
-42 , +57 , -08 , -05
-43 , +56 , -08 , -01
-42 , +56 , -07 , -01
-43 , +55 , -08 , -01
-43 , +55 , -08 , -01
-43 , +56 , -08 , -01
-42 , +55 , -07 , +00
-42 , +56 , -06 , -01
-42 , +56 , -06 , +00
-42 , +57 , -05 , -01
-42 , +58 , -06 , -02
-43 , +58 , -07 , -03
-43 , +58 , -08 , -02
-43 , +59 , -07 , -03
-42 , +58 , -08 , -03
-42 , +59 , -08 , -03
-42 , +60 , -09 , -04
-42 , +59 , -08 , -04
-42 , +59 , -09 , -05
-43 , +58 , -09 , -04
-43 , +58 , -09 , -03
-43 , +57 , -08 , -03
-43 , +53 , -08 , -03
-42 , +52 , -08 , -02
-42 , +53 , -07 , -04
-42 , +48 , -08 , -04
-42 , +43 , -07 , -04
-42 , +45 , -07 , -04
-42 , +45 , -09 , -04
-42 , +49 , -09 , -04
-42 , +48 , -09 , -04
-42 , +42 , -10 , -04
-43 , +44 , -10 , -04
-43 , +45 , -10 , -05
-42 , +46 , -10 , -06
-43 , +47 , -10 , -06
-43 , +48 , -11 , -07
-43 , +47 , -10 , -07
-43 , +43 , -10 , -07
-43 , +38 , -10 , -07
-44 , +40 , -09 , -07
-43 , +40 , -10 , -07
-43 , +36 , -10 , -07
-43 , +37 , -11 , -07
-43 , +37 , -11 , -07
-43 , +37 , -11 , -06
-43 , +40 , -10 , -06
-42 , +42 , -10 , -06
-42 , +42 , -09 , -07
-42 , +44 , -08 , -05
-42 , +45 , -08 , -06
-42 , +45 , -09 , -06
-42 , +47 , -09 , -05
-42 , +47 , -09 , -06
-42 , +47 , -09 , -05
-42 , +47 , -09 , -05
-43 , +47 , -08 , -05
-43 , +48 , -09 , -06
-43 , +44 , -09 , -06
-43 , +44 , -09 , -06
-42 , +45 , -09 , -06
-43 , +46 , -09 , -06
-43 , +46 , -08 , -06
-43 , +49 , -08 , -07
-43 , +49 , -09 , -07
-43 , +44 , -09 , -08
-43 , +45 , -09 , -08
-43 , +46 , -08 , -08
-43 , +46 , -09 , -08
-44 , +47 , -08 , -08
-44 , +49 , -08 , -08
-43 , +49 , -08 , -08
-43 , +48 , -08 , -07
-43 , +50 , -09 , -07
-43 , +45 , -09 , -07
-43 , +45 , -08 , -07
-43 , +45 , -08 , -07
-43 , +46 , -08 , -07
-44 , +46 , -08 , -06
-43 , +46 , -08 , -05
-43 , +46 , -08 , -04
-43 , +46 , -07 , -03
-43 , +48 , -06 , -04
-42 , +48 , -06 , -04
-42 , +49 , -06 , -04
-42 , +49 , -07 , -04
-43 , +49 , -06 , -05
-43 , +49 , -07 , -04
-43 , +50 , -07 , -05
-43 , +50 , -06 , -05
-43 , +50 , -05 , -05
-43 , +51 , -06 , -05
-42 , +51 , -06 , -05
-43 , +51 , -06 , -05
-43 , +51 , -07 , -06
-43 , +51 , -07 , -06
-42 , +51 , -07 , -06
-42 , +52 , -06 , -06
-42 , +48 , -06 , -06
-43 , +47 , -06 , -06
-43 , +47 , -07 , -05
-42 , +48 , -07 , -06
-42 , +48 , -07 , -05
-42 , +49 , -06 , -05
-42 , +48 , -07 , -05
-42 , +50 , -06 , -06
-42 , +49 , -06 , -05
-42 , +49 , -07 , -05
-43 , +49 , -07 , -05
-43 , +50 , -06 , -05
-43 , +45 , -06 , -05
-43 , +45 , -05 , -04
-43 , +45 , -05 , -04
-44 , +46 , -06 , -04
-44 , +46 , -05 , -04
-44 , +42 , -07 , -05
-44 , +43 , -07 , -05
-44 , +43 , -06 , -05
-43 , +44 , -06 , -05
-44 , +45 , -06 , -05
-43 , +46 , -06 , -05
-43 , +46 , -06 , -05
-43 , +46 , -07 , -06
-42 , +46 , -07 , -06
-42 , +46 , -07 , -06
-42 , +46 , -08 , -06
-42 , +48 , -08 , -06
-42 , +48 , -08 , -06
-42 , +47 , -07 , -06
-42 , +47 , -08 , -06
-42 , +47 , -07 , -05
-42 , +47 , -07 , -05
-42 , +47 , -07 , -05
-42 , +47 , -07 , -06
-43 , +49 , -06 , -06
-43 , +49 , -06 , -06
-43 , +49 , -06 , -06
-42 , +50 , -06 , -06
-42 , +49 , -06 , -06
-42 , +51 , -07 , -06
-42 , +51 , -07 , -06
-42 , +50 , -06 , -06
-42 , +50 , -07 , -07
-42 , +51 , -06 , -07
-42 , +50 , -06 , -07
-43 , +51 , -06 , -07
-43 , +51 , -07 , -07
-42 , +51 , -07 , -07
-42 , +51 , -08 , -06
-42 , +52 , -07 , -05
-42 , +52 , -07 , -06
-42 , +53 , -07 , -06
-42 , +52 , -07 , -03
-42 , +54 , -07 , -03
-42 , +53 , -06 , -02
-42 , +54 , -06 , -02
-42 , +54 , -06 , -03
-42 , +54 , -06 , -02
-42 , +53 , -05 , -02
-42 , +52 , -06 , -01
-42 , +52 , -05 , -01
-42 , +51 , -05 , -01
-42 , +51 , -05 , -01
-42 , +51 , -05 , +00
-42 , +52 , -05 , +00
-41 , +53 , -04 , +00
-41 , +53 , -04 , +00
-41 , +52 , -03 , +00
-41 , +51 , -02 , +00
-41 , +51 , -02 , +00
-41 , +51 , -02 , +00
-42 , +51 , -02 , +00
-41 , +51 , -03 , +00
-42 , +50 , -02 , +00
-41 , +50 , -02 , +00
-41 , +50 , -02 , +00
-41 , +50 , -02 , +00
-41 , +50 , -02 , +00
-41 , +49 , -01 , -01
-41 , +49 , +00 , +00
-41 , +49 , +00 , +00
-41 , +49 , -01 , -01
-41 , +49 , -02 , -01
-41 , +49 , -02 , -01
-41 , +48 , -03 , +00
-41 , +48 , -03 , +00
-40 , +48 , -04 , -01
-40 , +48 , -03 , -01
-40 , +49 , -03 , -03
-40 , +49 , -03 , -04
-40 , +48 , -02 , -04
-40 , +48 , -02 , -04
-40 , +48 , -02 , -05
-40 , +48 , -02 , -05
-40 , +49 , -02 , -02
-40 , +50 , -02 , -02
-40 , +50 , -02 , -05
-40 , +49 , -02 , -04
-40 , +49 , -03 , -03
-40 , +49 , -03 , -04
-40 , +49 , -04 , -03
-39 , +50 , -03 , -05
-39 , +51 , -04 , -08
-39 , +51 , -04 , -05
-39 , +51 , -04 , -01
-39 , +52 , -05 , -02
-39 , +53 , -05 , -02
-39 , +54 , -05 , -01
-39 , +55 , -05 , -04
-39 , +56 , -06 , -04
-39 , +56 , -06 , -02
-38 , +56 , -05 , -04
-38 , +56 , -05 , -04
-38 , +56 , -05 , -05
-38 , +56 , -05 , -05
-38 , +55 , -05 , -06
-38 , +55 , -05 , -06
-38 , +55 , -05 , -06
-38 , +54 , -07 , -07
-37 , +53 , -08 , -07
-37 , +54 , -08 , -08
-37 , +54 , -09 , -08
-37 , +54 , -07 , -07
-37 , +54 , -08 , -08
-37 , +54 , -07 , -07
-36 , +53 , -06 , -08
-37 , +53 , -05 , -08
-36 , +53 , -04 , -08
-35 , +54 , -02 , -09
-35 , +53 , -01 , -09
-35 , +54 , -03 , -09
-35 , +53 , -02 , -09
-35 , +53 , -03 , -09
-35 , +53 , +00 , -09
-35 , +53 , -01 , -09
-35 , +53 , +00 , -09
-34 , +53 , -01 , -10
-35 , +53 , -01 , -10
-35 , +53 , -02 , -10
-35 , +53 , -02 , -10
-35 , +53 , -03 , -10
-34 , +53 , -03 , -10
-34 , +53 , -03 , -11
-34 , +53 , -04 , -10
-34 , +53 , -04 , -10
-34 , +53 , -03 , -10
-34 , +53 , -04 , -10
-34 , +53 , -04 , -11
-34 , +53 , -04 , -11
-34 , +53 , -06 , -10
-35 , +53 , -07 , -10
-35 , +53 , -10 , -09
-35 , +53 , -08 , -09
-35 , +52 , -09 , -09
-35 , +51 , -05 , -09
-34 , +52 , -02 , -09
-34 , +52 , -01 , -08
-34 , +52 , +00 , -08
-34 , +53 , +02 , -09
-35 , +52 , +05 , -09
-35 , +53 , +06 , -09
-35 , +53 , +09 , -09
-35 , +52 , +12 , -09
-35 , +52 , +14 , -09
-36 , +52 , +12 , -09
-35 , +52 , +12 , -09
-36 , +51 , +10 , -08
-36 , +51 , +08 , -08
-36 , +50 , +08 , -08
-36 , +50 , +08 , -08
-36 , +50 , +08 , -08
-36 , +50 , +08 , -08
-36 , +50 , +12 , -08
-35 , +50 , +11 , -08
-36 , +50 , +12 , -08
-36 , +51 , +10 , -08
-36 , +51 , +09 , -09
-36 , +51 , +09 , -09
-36 , +51 , +08 , -09
-36 , +51 , +08 , -09
-36 , +51 , +06 , -09
-36 , +51 , +07 , -09
-37 , +51 , +07 , -10
-37 , +50 , +06 , -10
-37 , +51 , +07 , -11
-37 , +50 , +08 , -11
-37 , +50 , +08 , -12
-37 , +50 , +06 , -13
-38 , +49 , +06 , -13
-38 , +49 , +05 , -13
-38 , +49 , +05 , -14
-38 , +49 , +04 , -15
-38 , +49 , +04 , -14
-38 , +49 , +04 , -14
-38 , +48 , +04 , -14
-38 , +48 , +04 , -13
-38 , +47 , +05 , -13
-38 , +47 , +05 , -12
-38 , +47 , +05 , -11
-38 , +46 , +05 , -14
-38 , +45 , +05 , -12
-38 , +45 , +05 , -11
-38 , +45 , +06 , -10
-38 , +45 , +07 , -09
-38 , +44 , +08 , -09
-38 , +43 , +12 , -08
-39 , +43 , +14 , -08
-39 , +43 , +15 , -07
-38 , +42 , +14 , -07
-39 , +42 , +16 , -07
-39 , +42 , +18 , -08
-39 , +42 , +17 , -07
-39 , +42 , +15 , -07
-38 , +42 , +16 , -06
-39 , +42 , +16 , -05
-39 , +42 , +14 , -04
-39 , +41 , +14 , -03
-39 , +41 , +13 , -03
-39 , +41 , +13 , -03
-39 , +41 , +13 , -03
-39 , +40 , +12 , -01
-39 , +40 , +11 , -01
-39 , +40 , +11 , -01
-39 , +40 , +10 , -01
-39 , +39 , +09 , -01
-39 , +39 , +10 , -01
-39 , +39 , +10 , +00
-39 , +39 , +09 , -01
-39 , +39 , +08 , +00
-39 , +39 , +08 , +02
-39 , +39 , +08 , +03
-39 , +39 , +07 , +05
-39 , +38 , +07 , +05
-39 , +39 , +07 , +08
-39 , +38 , +07 , +11
-39 , +38 , +07 , +12
-39 , +38 , +07 , +12
-39 , +38 , +07 , +13
-38 , +39 , +07 , +14
-38 , +39 , +07 , +15
-38 , +39 , +06 , +15
-38 , +38 , +06 , +17
-38 , +39 , +06 , +18
-38 , +38 , +04 , +19
-38 , +39 , +03 , +18
-38 , +39 , +01 , +18
-38 , +39 , +00 , +18
-38 , +38 , -01 , +17
-38 , +38 , -01 , +17
-38 , +38 , -01 , +17
-37 , +39 , -02 , +16
-37 , +38 , -01 , +17
-37 , +38 , -01 , +16
-37 , +38 , -01 , +14
-37 , +39 , +00 , +14
-36 , +38 , -02 , +13
-36 , +39 , -03 , +12
-36 , +38 , -03 , +12
-35 , +38 , -03 , +12
-35 , +38 , -03 , +13
-35 , +38 , -03 , +13
-35 , +38 , -03 , +12
-35 , +37 , -03 , +11
-35 , +37 , -04 , +11
-35 , +37 , -03 , +10
-34 , +37 , -03 , +09
-34 , +37 , -02 , +09
-34 , +37 , -02 , +08
-34 , +37 , -01 , +08
-34 , +37 , -01 , +08
-34 , +37 , -01 , +08
-34 , +37 , -01 , +08
-34 , +38 , -01 , +08
-34 , +38 , +01 , +07
-34 , +38 , +01 , +08
-34 , +38 , +02 , +08
-34 , +37 , +02 , +07
-34 , +37 , +03 , +08
-34 , +37 , +03 , +08
-33 , +36 , +04 , +08
-33 , +35 , +05 , +08
-33 , +35 , +06 , +09
-33 , +35 , +07 , +08
-33 , +34 , +10 , +08
-33 , +34 , +11 , +08
-32 , +34 , +11 , +11
-32 , +33 , +11 , +11
-32 , +33 , +12 , +11
-32 , +33 , +12 , +10
-32 , +33 , +12 , +10
-31 , +32 , +12 , +08
-32 , +32 , +12 , +07
-31 , +32 , +10 , +06
-31 , +32 , +12 , +04
-31 , +31 , +09 , +03
-31 , +31 , +09 , +02
-31 , +30 , +10 , +01
-31 , +30 , +11 , +00
-31 , +29 , +12 , +00
-31 , +29 , +12 , -01
-30 , +29 , +12 , -02
-30 , +28 , +13 , -02
-30 , +28 , +12 , -04
-31 , +28 , +13 , -04
-31 , +28 , +13 , -03
-31 , +28 , +13 , -04
-31 , +28 , +12 , -04
-31 , +26 , +07 , -03
-31 , +27 , +05 , -03
-31 , +26 , +05 , -03
-31 , +25 , +08 , -03
-30 , +25 , +06 , -02
-30 , +25 , +05 , -02
-30 , +25 , +04 , -02
-30 , +25 , +04 , -02
-29 , +24 , +05 , -01
-29 , +24 , +05 , -02
-29 , +24 , +03 , -02
-29 , +23 , +03 , -02
-28 , +23 , +02 , -01
-28 , +23 , +00 , -01
-27 , +23 , +01 , -01
-27 , +23 , +02 , -03
-26 , +23 , +03 , -03
-25 , +22 , +04 , -04
-25 , +21 , +06 , -03
-24 , +21 , +08 , -02
-24 , +21 , +08 , -01
-24 , +21 , +10 , -01
-24 , +21 , +10 , +00
-24 , +21 , +11 , +00
-24 , +21 , +11 , +01
-24 , +21 , +09 , +01
-23 , +20 , +11 , +02
-23 , +20 , +11 , +02
-22 , +20 , +11 , +02
-22 , +20 , +07 , +03
-21 , +20 , +07 , +03
-21 , +20 , +07 , +04
-21 , +19 , +05 , +05
-21 , +18 , +03 , +05
-20 , +18 , +03 , +05
-20 , +17 , +03 , +06
-20 , +16 , +02 , +07
-20 , +15 , +03 , +07
-19 , +15 , +02 , +07
-19 , +14 , +02 , +07
-18 , +13 , +01 , +08
-19 , +13 , +01 , +08
-18 , +13 , +01 , +08
-17 , +13 , +00 , +08
-17 , +13 , +00 , +08
-16 , +12 , +00 , +08
-16 , +12 , +00 , +09
-16 , +12 , +00 , +10
-15 , +12 , +00 , +11
-14 , +11 , -02 , +13
-14 , +11 , -03 , +12
-14 , +10 , -03 , +12
-14 , +10 , -04 , +11
-14 , +10 , -05 , +09
-14 , +09 , -05 , +09
-14 , +09 , -04 , +10
-14 , +09 , -04 , +10
-14 , +08 , -04 , +10
-13 , +08 , -04 , +09
-13 , +07 , -04 , +09
-13 , +07 , -04 , +08
-13 , +07 , -03 , +08
-12 , +06 , -04 , +07
-12 , +07 , -05 , +07
-11 , +07 , -05 , +07
-11 , +07 , -04 , +05
-10 , +06 , -04 , +05
-10 , +06 , -04 , +04
-10 , +06 , -04 , +04
-10 , +06 , -03 , +04
-09 , +06 , -02 , +05
-09 , +06 , -02 , +04
-08 , +06 , -01 , +04
-08 , +06 , -01 , +03
-07 , +06 , -01 , +03
-07 , +06 , -01 , +02
-06 , +06 , -01 , +02
-06 , +05 , -01 , +02
-05 , +05 , -01 , +02
-05 , +05 , -01 , +03
-04 , +05 , -01 , +04
-04 , +05 , -01 , +05
-03 , +04 , +00 , +05
-02 , +04 , +00 , +06
-01 , +04 , -01 , +07
-01 , +04 , +01 , +07
+00 , +03 , +01 , +08
+00 , +03 , +03 , +09
+00 , +02 , +01 , +09
+00 , +02 , +00 , +09
+00 , +01 , +01 , +10
+01 , +01 , -01 , +10
+01 , +00 , -02 , +10
+01 , -01 , -02 , +10
+01 , -01 , -02 , +10
+02 , -02 , -01 , +11
+02 , -02 , -01 , +11
+02 , -03 , +00 , +11
+02 , -03 , +00 , +11
+03 , -03 , +01 , +11
+03 , -04 , +01 , +11
+03 , -04 , +01 , +11
+04 , -04 , +03 , +12
+04 , -04 , +03 , +12
+04 , -04 , +05 , +11
+04 , -04 , +04 , +10
+04 , -03 , +03 , +11
+05 , -07 , +04 , +10
+05 , -06 , +03 , +10
+05 , -06 , +03 , +10
+05 , -07 , +02 , +10
+05 , -07 , +02 , +10
+06 , -07 , +02 , +09
+07 , -08 , +02 , +09
+07 , -09 , +01 , +09
+07 , -10 , +02 , +09
+08 , -11 , +02 , +09
+09 , -11 , +00 , +09
+09 , -12 , -01 , +08
+10 , -14 , -01 , +08
+10 , -14 , +00 , +07
+10 , -15 , +00 , +07
+11 , -15 , -01 , +06
+11 , -16 , -01 , +06
+11 , -16 , -01 , +06
+12 , -16 , -02 , +06
+12 , -17 , -02 , +05
+13 , -18 , -02 , +05
+13 , -18 , -02 , +05
+13 , -18 , -03 , +05
+14 , -19 , -05 , +05
+14 , -18 , -04 , +05
+15 , -18 , -08 , +05
+15 , -19 , -06 , +05
+15 , -19 , -05 , +05
+15 , -20 , -03 , +06
+15 , -21 , -03 , +07
+15 , -22 , -03 , +07
+15 , -22 , -03 , +07
+15 , -24 , -05 , +07
+15 , -25 , -05 , +07
+16 , -26 , -05 , +08
+15 , -26 , -05 , +08
+15 , -26 , -06 , +08
+16 , -26 , -06 , +09
+16 , -26 , -06 , +08
+17 , -27 , -07 , +08
+17 , -27 , -07 , +08
+18 , -28 , -06 , +08
+19 , -28 , -03 , +08
+20 , -29 , -01 , +08
+20 , -30 , +00 , +09
+21 , -30 , +00 , +09
+21 , -30 , -01 , +09
+21 , -31 , -01 , +09
+21 , -31 , -01 , +09
+22 , -31 , +00 , +09
+22 , -31 , +00 , +08
+22 , -32 , -01 , +08
+23 , -32 , -02 , +08
+23 , -32 , -01 , +08
+24 , -32 , -02 , +08
+24 , -33 , -02 , +07
+24 , -34 , -01 , +07
+24 , -34 , -02 , +07
+25 , -33 , -03 , +06
+25 , -33 , -03 , +06
+26 , -33 , -02 , +05
+26 , -34 , -01 , +05
+26 , -34 , +01 , +05
+26 , -34 , +03 , +05
+27 , -34 , +06 , +05
+27 , -34 , +07 , +05
+28 , -34 , +08 , +06
+29 , -34 , +09 , +06
+29 , -34 , +10 , +06
+29 , -34 , +11 , +06
+30 , -34 , +12 , +05
+30 , -35 , +13 , +05
+30 , -35 , +14 , +05
+30 , -35 , +15 , +05
+31 , -35 , +15 , +04
+32 , -35 , +15 , +04
+33 , -36 , +16 , +04
+33 , -36 , +16 , +04
+33 , -36 , +17 , +04
+33 , -36 , +18 , +04
+33 , -36 , +19 , +04
+33 , -37 , +20 , +04
+33 , -38 , +20 , +04
+34 , -38 , +17 , +04
+33 , -38 , +18 , +04
+33 , -37 , +19 , +04
+34 , -38 , +20 , +04
+34 , -38 , +21 , +03
+34 , -38 , +17 , +03
+34 , -39 , +13 , +03
+34 , -39 , +10 , +03
+35 , -34 , +04 , +04
+35 , -35 , +03 , +04
+36 , -36 , +00 , +04
+36 , -36 , -02 , +05
+36 , -36 , -02 , +05
+36 , -37 , -03 , +05
+37 , -36 , -05 , +05
+37 , -37 , -08 , +05
+37 , -37 , -10 , +05
+37 , -37 , -12 , +06
+37 , -37 , -12 , +05
+37 , -38 , -14 , +05
+37 , -38 , -15 , +06
+38 , -38 , -17 , +06
+38 , -38 , -18 , +06
+38 , -38 , -19 , +07
+38 , -38 , -20 , +07
+38 , -38 , -20 , +07
+39 , -38 , -20 , +08
+39 , -38 , -21 , +08
+39 , -38 , -21 , +08
+39 , -38 , -22 , +08
+39 , -38 , -22 , +07
+39 , -38 , -22 , +07
+39 , -38 , -24 , +08
+39 , -38 , -25 , +08
+39 , -38 , -25 , +08
+39 , -38 , -26 , +07
+39 , -38 , -27 , +07
+39 , -38 , -28 , +08
+39 , -38 , -29 , +08
+39 , -38 , -29 , +08
+39 , -38 , -29 , +08
+39 , -39 , -30 , +08
+39 , -38 , -29 , +09
+40 , -38 , -29 , +09
+39 , -38 , -25 , +09
+39 , -38 , -26 , +09
+39 , -38 , -27 , +09
+39 , -38 , -26 , +09
+39 , -38 , -28 , +10
+39 , -37 , -26 , +10
+39 , -38 , -25 , +10
+39 , -38 , -26 , +10
+39 , -38 , -25 , +09
+39 , -38 , -22 , +10
+39 , -38 , -20 , +10
+39 , -38 , -20 , +10
+39 , -38 , -22 , +10
+39 , -38 , -23 , +10
+39 , -38 , -23 , +10
+39 , -38 , -24 , +10
+39 , -38 , -25 , +10
+39 , -38 , -25 , +10
+39 , -38 , -24 , +10
+39 , -38 , -24 , +10
+39 , -38 , -24 , +10
+39 , -38 , -23 , +10
+39 , -38 , -26 , +10
+39 , -38 , -25 , +10
+39 , -38 , -26 , +10
+39 , -38 , -27 , +10
+39 , -38 , -26 , +10
+39 , -38 , -25 , +10
+39 , -38 , -26 , +10
+40 , -38 , -25 , +10
+40 , -38 , -24 , +10
+40 , -38 , -24 , +09
+40 , -38 , -22 , +09
+40 , -38 , -23 , +09
+40 , -38 , -23 , +09
+39 , -38 , -22 , +09
+39 , -38 , -22 , +09
+39 , -38 , -22 , +09
+39 , -38 , -22 , +09
+39 , -39 , -24 , +09
+39 , -39 , -24 , +09
+39 , -39 , -24 , +09
+39 , -38 , -25 , +09
+39 , -38 , -25 , +09
+39 , -38 , -26 , +10
+39 , -38 , -26 , +10
+39 , -38 , -26 , +10
+39 , -38 , -27 , +09
+39 , -38 , -23 , +09
+39 , -38 , -24 , +10
+39 , -38 , -25 , +09
+39 , -38 , -26 , +09
+39 , -38 , -27 , +09
+39 , -39 , -27 , +09
+39 , -39 , -28 , +09
+39 , -39 , -27 , +09
+39 , -39 , -27 , +08
+39 , -39 , -27 , +08
+39 , -39 , -28 , +08
+39 , -39 , -27 , +08
+40 , -39 , -27 , +08
+40 , -39 , -26 , +08
+40 , -39 , -27 , +08
+40 , -39 , -26 , +08
+40 , -39 , -27 , +08
+40 , -39 , -26 , +08
+39 , -39 , -27 , +08
+39 , -39 , -27 , +08
+39 , -39 , -26 , +08
+39 , -39 , -26 , +08
+39 , -39 , -27 , +08
+39 , -39 , -26 , +07
+39 , -39 , -26 , +07
+39 , -39 , -24 , +07
+39 , -39 , -22 , +08
+39 , -39 , -23 , +08
+39 , -39 , -22 , +08
+39 , -39 , -23 , +08
+39 , -39 , -22 , +08
+38 , -39 , -22 , +09
+39 , -39 , -23 , +08
+39 , -39 , -25 , +09
+38 , -39 , -27 , +08
+38 , -39 , -27 , +08
+38 , -39 , -28 , +08
+38 , -39 , -28 , +08
+39 , -39 , -30 , +08
+38 , -39 , -30 , +08
+39 , -39 , -29 , +08
+39 , -39 , -29 , +09
+39 , -39 , -29 , +09
+39 , -40 , -30 , +09
+39 , -40 , -31 , +09
+39 , -40 , -28 , +08
+39 , -40 , -30 , +08
+39 , -40 , -30 , +08
+39 , -40 , -27 , +08
+39 , -40 , -27 , +09
+39 , -40 , -27 , +08
+39 , -39 , -27 , +09
+40 , -39 , -28 , +09
+40 , -39 , -30 , +08
+40 , -39 , -29 , +09
+40 , -39 , -28 , +08
+40 , -39 , -28 , +08
+40 , -39 , -29 , +08
+39 , -39 , -29 , +08
+39 , -39 , -27 , +08
+39 , -39 , -26 , +08
+40 , -39 , -27 , +09
+39 , -39 , -27 , +08
+39 , -39 , -27 , +09
+39 , -39 , -28 , +09
+39 , -39 , -30 , +09
+39 , -39 , -30 , +09
+39 , -39 , -31 , +08
+39 , -40 , -30 , +08
+39 , -40 , -31 , +08
+39 , -39 , -31 , +08
+39 , -39 , -32 , +08
+39 , -39 , -31 , +08
+40 , -39 , -32 , +08
+39 , -39 , -32 , +08
+40 , -39 , -32 , +08
+39 , -39 , -32 , +09
+40 , -39 , -32 , +09
+40 , -39 , -31 , +09
+40 , -39 , -30 , +09
+40 , -39 , -29 , +09
+40 , -39 , -28 , +09
+40 , -39 , -28 , +09
+40 , -39 , -31 , +09
+40 , -39 , -33 , +09
+39 , -39 , -32 , +09
+39 , -39 , -32 , +09
+39 , -39 , -31 , +09
+39 , -39 , -25 , +09
+39 , -39 , -24 , +08
+39 , -39 , -24 , +08
+39 , -39 , -25 , +08
+39 , -39 , -28 , +08
+39 , -39 , -29 , +09
+39 , -39 , -30 , +08
+39 , -39 , -31 , +08
+39 , -39 , -31 , +08
+39 , -39 , -33 , +09
+41 , -39 , -33 , +09
+40 , -39 , -34 , +09
+40 , -39 , -34 , +09
+40 , -39 , -33 , +09
+40 , -39 , -31 , +09
+40 , -39 , -30 , +09
+40 , -39 , -28 , +09
+41 , -39 , -26 , +09
+40 , -40 , -23 , +09
+40 , -40 , -23 , +08
+40 , -40 , -24 , +08
+40 , -40 , -25 , +08
+40 , -40 , -27 , +08
+40 , -40 , -26 , +07
+40 , -40 , -25 , +08
+40 , -40 , -25 , +08
+40 , -40 , -25 , +08
+41 , -40 , -24 , +07
+40 , -40 , -25 , +08
+40 , -40 , -25 , +08
+40 , -40 , -24 , +08
+41 , -40 , -24 , +07
+41 , -40 , -25 , +08
+40 , -40 , -26 , +08
+40 , -40 , -26 , +08
+40 , -40 , -26 , +07
+40 , -40 , -26 , +08
+39 , -40 , -25 , +08
+39 , -40 , -24 , +07
+39 , -40 , -23 , +08
+39 , -40 , -24 , +08
+39 , -39 , -26 , +08
+39 , -40 , -24 , +08
+40 , -40 , -26 , +08
+40 , -40 , -26 , +08
+40 , -39 , -26 , +08
+40 , -39 , -25 , +08
+40 , -39 , -26 , +08
+40 , -39 , -28 , +08
+40 , -40 , -27 , +08
+40 , -39 , -28 , +08
+39 , -39 , -25 , +08
+39 , -39 , -25 , +08
+39 , -39 , -25 , +08
+40 , -39 , -26 , +07
+40 , -39 , -26 , +08
+40 , -39 , -27 , +07
+40 , -39 , -27 , +07
+40 , -39 , -28 , +07
+40 , -39 , -27 , +08
+39 , -39 , -29 , +08
+39 , -39 , -29 , +07
+40 , -39 , -28 , +07
+39 , -39 , -27 , +07
+39 , -39 , -28 , +07
+39 , -39 , -29 , +08
+39 , -38 , -31 , +08
+39 , -38 , -30 , +08
+40 , -38 , -32 , +08
+40 , -38 , -31 , +08
+40 , -38 , -31 , +08
+40 , -38 , -30 , +08
+40 , -38 , -30 , +08
+40 , -38 , -30 , +08
+40 , -38 , -30 , +08
+40 , -38 , -29 , +09
+39 , -38 , -30 , +09
+39 , -38 , -30 , +09
+40 , -38 , -31 , +10
+39 , -38 , -30 , +10
+40 , -38 , -30 , +10
+40 , -38 , -31 , +09
+40 , -38 , -30 , +09
+40 , -38 , -30 , +09
+40 , -39 , -29 , +10
+40 , -39 , -28 , +09
+40 , -39 , -28 , +10
+40 , -39 , -28 , +09
+40 , -39 , -27 , +09
+40 , -39 , -26 , +10
+40 , -39 , -27 , +09
+40 , -39 , -26 , +09
+40 , -39 , -25 , +09
+40 , -39 , -25 , +08
+40 , -39 , -24 , +09
+40 , -39 , -24 , +09
+40 , -39 , -24 , +09
+40 , -39 , -24 , +09
+40 , -39 , -23 , +09
+40 , -39 , -24 , +09
+40 , -39 , -25 , +09
+40 , -39 , -26 , +09
