+39 , -40 , -12 , +17
+39 , -39 , -12 , +17
+39 , -39 , -10 , +17
+39 , -39 , -10 , +17
+38 , -39 , -08 , +17
+38 , -39 , -10 , +17
+38 , -40 , -09 , +17
+38 , -40 , -07 , +17
+38 , -40 , -09 , +17
+38 , -40 , -10 , +17
+39 , -40 , -08 , +17
+39 , -40 , -09 , +17
+38 , -39 , -10 , +17
+38 , -39 , -10 , +16
+38 , -39 , -11 , +16
+39 , -38 , -12 , +16
+38 , -38 , -12 , +16
+38 , -38 , -13 , +15
+38 , -38 , -16 , +16
+38 , -38 , -14 , +16
+38 , -38 , -15 , +16
+39 , -38 , -15 , +16
+38 , -38 , -16 , +16
+39 , -37 , -12 , +16
+39 , -37 , -13 , +16
+39 , -37 , -07 , +16
+39 , -37 , -06 , +16
+39 , -37 , -07 , +16
+39 , -37 , -05 , +15
+39 , -37 , -05 , +15
+38 , -37 , -03 , +15
+38 , -37 , -05 , +15
+38 , -37 , -05 , +14
+38 , -37 , -06 , +14
+38 , -38 , -07 , +14
+38 , -38 , -06 , +14
+38 , -38 , -05 , +14
+38 , -39 , -03 , +14
+39 , -39 , -04 , +14
+39 , -38 , -01 , +13
+39 , -38 , -03 , +13
+39 , -37 , +00 , +12
+39 , -37 , -01 , +12
+39 , -37 , +02 , +12
+39 , -37 , +00 , +11
+39 , -36 , +00 , +12
+39 , -36 , +01 , +11
+39 , -36 , +00 , +11
+39 , -37 , -03 , +10
+39 , -36 , -04 , +10
+39 , -35 , -04 , +10
+39 , -35 , -04 , +10
+39 , -35 , -05 , +09
+39 , -35 , -05 , +09
+38 , -35 , -06 , +09
+38 , -35 , -06 , +08
+38 , -35 , -08 , +08
+38 , -34 , -03 , +08
+38 , -34 , -06 , +07
+37 , -34 , -05 , +07
+37 , -35 , -06 , +07
+37 , -34 , -07 , +06
+36 , -33 , -06 , +05
+36 , -33 , -06 , +05
+36 , -33 , -06 , +06
+36 , -33 , -08 , +05
+36 , -32 , -08 , +05
+36 , -32 , -08 , +06
+36 , -32 , -09 , +06
+36 , -31 , -09 , +06
+36 , -31 , -08 , +06
+36 , -31 , -08 , +07
+35 , -31 , -10 , +08
+35 , -31 , -10 , +08
+35 , -31 , -09 , +08
+35 , -29 , -08 , +08
+34 , -29 , -08 , +08
+34 , -29 , -09 , +09
+34 , -29 , -08 , +08
+34 , -29 , -07 , +08
+33 , -29 , -06 , +08
+33 , -29 , -07 , +08
+33 , -29 , -06 , +08
+33 , -28 , -07 , +08
+32 , -28 , -08 , +07
+32 , -28 , -08 , +07
+32 , -27 , -09 , +07
+32 , -27 , -09 , +07
+32 , -27 , -09 , +07
+31 , -27 , -10 , +07
+31 , -26 , -10 , +07
+31 , -26 , -10 , +07
+31 , -26 , -10 , +08
+31 , -26 , -09 , +09
+31 , -25 , -09 , +09
+31 , -26 , -09 , +09
+30 , -26 , -09 , +09
+30 , -26 , -09 , +10
+30 , -26 , -08 , +10
+29 , -25 , -06 , +10
+29 , -25 , -06 , +10
+29 , -25 , -07 , +10
+29 , -24 , -07 , +10
+29 , -24 , -08 , +10
+29 , -24 , -07 , +10
+28 , -23 , -08 , +10
+28 , -23 , -08 , +10
+28 , -22 , -09 , +10
+28 , -23 , -10 , +11
+28 , -22 , -11 , +11
+28 , -23 , -12 , +11
+27 , -23 , -09 , +12
+27 , -22 , -09 , +13
+27 , -22 , -09 , +13
+27 , -21 , -11 , +13
+26 , -21 , -12 , +12
+26 , -21 , -12 , +12
+26 , -20 , -09 , +10
+26 , -20 , -09 , +09
+26 , -19 , -10 , +08
+26 , -19 , -11 , +08
+25 , -19 , -11 , +07
+25 , -19 , -12 , +08
+25 , -20 , -12 , +08
+25 , -19 , -11 , +08
+24 , -19 , -09 , +08
+24 , -19 , -07 , +08
+24 , -19 , -07 , +07
+24 , -19 , -07 , +07
+24 , -19 , -08 , +07
+24 , -18 , -09 , +06
+23 , -18 , -08 , +06
+23 , -18 , -08 , +05
+23 , -18 , -10 , +05
+23 , -18 , -10 , +05
+23 , -18 , -09 , +05
+23 , -18 , -09 , +04
+22 , -17 , -09 , +04
+22 , -17 , -09 , +04
+22 , -17 , -09 , +04
+22 , -17 , -09 , +03
+22 , -17 , -08 , +03
+22 , -17 , -08 , +02
+21 , -17 , -09 , +01
+21 , -16 , -12 , +03
+21 , -16 , -12 , +04
+21 , -15 , -14 , +05
+21 , -14 , -14 , +06
+20 , -14 , -12 , +05
+20 , -13 , -12 , +04
+20 , -13 , -12 , +03
+20 , -13 , -11 , +03
+20 , -12 , -09 , +02
+20 , -12 , -09 , +01
+20 , -11 , -06 , +01
+19 , -11 , -03 , +01
+19 , -12 , -03 , +01
+19 , -11 , -03 , +00
+19 , -11 , -07 , -01
+18 , -11 , -04 , -01
+18 , -10 , -05 , +00
+18 , -10 , -05 , +00
+18 , -09 , -04 , +00
+18 , -09 , -04 , -01
+17 , -08 , -04 , +00
+17 , -07 , -04 , +02
+17 , -06 , -04 , +02
+17 , -06 , -05 , +03
+16 , -06 , -05 , +03
+16 , -06 , -05 , +04
+16 , -05 , -04 , +04
+16 , -05 , -04 , +04
+15 , -04 , -04 , +04
+15 , -04 , -04 , +04
+15 , -03 , -04 , +05
+15 , -03 , -03 , +05
+14 , -02 , -04 , +06
+14 , -02 , -04 , +07
+14 , -02 , -04 , +08
+13 , -01 , -04 , +08
+12 , -02 , -06 , +10
+12 , -02 , -06 , +10
+11 , -02 , -06 , +11
+11 , -02 , -05 , +10
+11 , -02 , -06 , +11
+11 , -01 , -07 , +13
+10 , -01 , -07 , +15
+10 , -02 , -07 , +16
+09 , -01 , -07 , +16
+09 , -01 , -08 , +17
+09 , -01 , -08 , +18
+09 , -01 , -08 , +17
+08 , -01 , -08 , +16
+07 , +00 , -08 , +14
+07 , +00 , -08 , +13
+07 , +00 , -08 , +13
+07 , +00 , -09 , +12
+06 , +02 , -10 , +09
+06 , +02 , -09 , +08
+06 , +03 , -10 , +08
+05 , +03 , -09 , +07
+05 , +04 , -09 , +06
+05 , +03 , -09 , +06
+05 , +03 , -09 , +05
+05 , +03 , -09 , +04
+04 , +04 , -08 , +03
+04 , +04 , -08 , +03
+04 , +04 , -07 , +04
+04 , +04 , -06 , +03
+03 , +05 , -05 , +04
+02 , +06 , -03 , +04
+01 , +06 , -02 , +03
+01 , +07 , -01 , +02
+00 , +07 , -02 , +01
+00 , +08 , +00 , +02
-01 , +08 , +00 , +03
-01 , +09 , +01 , +03
-02 , +09 , +01 , +03
-02 , +10 , +01 , +02
-03 , +10 , +01 , +05
-03 , +10 , +00 , +04
-04 , +10 , +00 , +05
-04 , +11 , +00 , +05
-05 , +11 , -01 , +04
-05 , +12 , -01 , +05
-06 , +12 , -01 , +05
-06 , +13 , -01 , +04
-07 , +13 , -02 , +03
-07 , +13 , -02 , +03
-08 , +13 , -02 , +02
-09 , +14 , -03 , +02
-09 , +14 , -03 , +03
-10 , +15 , -03 , +02
-10 , +15 , -03 , +03
-10 , +15 , -03 , +03
-11 , +15 , -03 , +03
-11 , +15 , -03 , +03
-11 , +15 , -02 , +03
-11 , +15 , -02 , +03
-12 , +15 , -02 , +03
-12 , +16 , -02 , +03
-12 , +16 , -01 , +03
-13 , +16 , -01 , +04
-13 , +17 , -02 , +04
-14 , +17 , +02 , +05
-15 , +18 , +03 , +05
-16 , +18 , -01 , +05
-16 , +19 , -02 , +06
-17 , +18 , -02 , +05
-17 , +19 , -02 , +06
-18 , +19 , -02 , +06
-18 , +19 , -02 , +06
-18 , +20 , -02 , +07
-19 , +21 , -01 , +07
-19 , +22 , +00 , +08
-20 , +22 , +00 , +09
-21 , +23 , -02 , +09
-21 , +23 , -04 , +12
-21 , +24 , -03 , +13
-22 , +24 , -07 , +13
-23 , +24 , -09 , +15
-24 , +25 , -07 , +18
-25 , +26 , -06 , +16
-27 , +28 , -06 , +16
-27 , +29 , -05 , +15
-27 , +30 , -03 , +12
-27 , +29 , -02 , +12
-27 , +30 , -01 , +11
-27 , +30 , -01 , +10
-28 , +30 , +00 , +10
-28 , +30 , +01 , +10
-27 , +30 , +01 , +10
-28 , +31 , +01 , +09
-28 , +32 , +01 , +09
-27 , +32 , +00 , +08
-27 , +33 , +00 , +07
-27 , +33 , +00 , +07
-27 , +34 , +01 , +08
-28 , +34 , +01 , +06
-29 , +35 , +00 , +07
-29 , +35 , +00 , +04
-29 , +35 , +00 , +03
-29 , +35 , +00 , +02
-29 , +35 , +00 , +01
-29 , +35 , +00 , +01
-29 , +34 , -02 , +00
-30 , +34 , -02 , +00
-30 , +34 , -02 , -01
-30 , +33 , -01 , +00
-30 , +33 , -01 , +00
-31 , +34 , +00 , +00
-31 , +34 , -01 , +00
-31 , +34 , +00 , +00
-32 , +35 , +01 , -01
-32 , +35 , +02 , +00
-32 , +35 , +01 , +02
-32 , +36 , +02 , +03
-33 , +37 , +00 , +03
-33 , +37 , -01 , +04
-33 , +37 , -01 , +02
-34 , +37 , +01 , +04
-34 , +39 , +01 , +06
-33 , +38 , +02 , +05
-33 , +39 , +03 , +08
-33 , +40 , +03 , +09
-33 , +40 , +02 , +08
-34 , +41 , +02 , +06
-34 , +41 , +01 , +06
-34 , +42 , -01 , +06
-34 , +41 , -01 , +06
-35 , +42 , -01 , +05
-35 , +41 , -01 , +05
-36 , +43 , -02 , +06
-36 , +43 , -02 , +02
-36 , +42 , -03 , +01
-36 , +42 , -04 , +01
-36 , +43 , -05 , +01
-36 , +43 , -05 , -03
-37 , +44 , -04 , -05
-37 , +44 , -04 , -05
-37 , +44 , -04 , -06
-38 , +44 , -04 , -06
-37 , +44 , -04 , -06
-37 , +44 , -03 , -06
-38 , +45 , -02 , -06
-37 , +44 , -02 , -07
-38 , +44 , -02 , -07
-39 , +44 , -01 , -06
-39 , +44 , -02 , -06
-39 , +44 , -03 , -05
-39 , +44 , -02 , -04
-39 , +44 , -02 , -04
-39 , +44 , -05 , -04
-39 , +43 , -05 , -05
-39 , +43 , -06 , -05
-39 , +43 , -07 , -04
-39 , +44 , -07 , -05
-39 , +44 , -06 , -04
-39 , +45 , -06 , -03
-39 , +45 , -09 , -03
-40 , +44 , -09 , -04
-40 , +44 , -08 , -04
-41 , +44 , -07 , -03
-41 , +44 , -07 , -03
-42 , +44 , -06 , -02
-41 , +44 , -04 , -02
-41 , +43 , -03 , -01
-41 , +43 , -02 , +01
-41 , +43 , -01 , +01
-40 , +43 , -01 , +00
-40 , +43 , +00 , +01
-40 , +42 , +00 , +02
-40 , +41 , +00 , +02
-41 , +42 , +01 , +03
-40 , +42 , +01 , +03
-40 , +42 , +01 , +03
-40 , +42 , +01 , +05
-40 , +39 , +01 , +05
-40 , +39 , +01 , +06
-40 , +39 , +01 , +07
-41 , +41 , +01 , +03
-41 , +41 , +00 , +00
-41 , +35 , +00 , +00
-41 , +32 , -02 , -02
-41 , +33 , -02 , -02
-41 , +34 , -02 , -04
-41 , +35 , -03 , -04
-41 , +37 , -03 , -03
-41 , +37 , -04 , -03
-41 , +38 , -04 , -03
-41 , +38 , -04 , -02
-41 , +39 , -04 , -02
-40 , +37 , -04 , -03
-40 , +36 , -04 , -02
-40 , +31 , -03 , -02
-40 , +31 , -05 , -01
-40 , +31 , -05 , +00
-40 , +31 , -05 , +00
-40 , +27 , -05 , +01
-40 , +23 , -05 , +01
-40 , +25 , -05 , +02
-40 , +26 , -05 , +04
-40 , +27 , -05 , +02
-41 , +28 , -05 , +02
-41 , +30 , -05 , +02
-41 , +30 , -05 , +03
-41 , +30 , -04 , +04
-41 , +32 , -04 , +05
-41 , +32 , -03 , +05
-41 , +32 , -02 , +06
-41 , +33 , -03 , +04
-41 , +33 , -02 , +03
-42 , +33 , -01 , +04
-42 , +33 , -01 , +02
-42 , +32 , -01 , +02
-42 , +32 , -01 , +02
-42 , +33 , -01 , +02
-43 , +33 , -02 , +02
-43 , +33 , -01 , +03
-44 , +34 , -02 , +03
-44 , +34 , -02 , +00
-44 , +33 , -01 , +00
-44 , +34 , -02 , +00
-44 , +36 , -03 , +01
-44 , +37 , -03 , +00
-45 , +37 , -03 , +00
-45 , +37 , -04 , +00
-45 , +37 , -03 , +01
-47 , +37 , -03 , +01
-47 , +38 , -03 , +03
-47 , +38 , -03 , +01
-47 , +38 , -03 , +02
-46 , +39 , -03 , -01
-46 , +40 , -03 , +01
-46 , +40 , -03 , -02
-46 , +39 , -03 , -05
-46 , +39 , -04 , -01
-46 , +40 , -04 , +00
-46 , +41 , -04 , -02
-47 , +41 , -04 , -03
-47 , +42 , -04 , -05
-47 , +43 , -04 , -04
-47 , +44 , -04 , -07
-47 , +44 , -04 , -06
-47 , +44 , -04 , -05
-47 , +44 , -03 , -06
-47 , +45 , -03 , -04
-47 , +45 , -03 , -05
-48 , +46 , -03 , -06
-47 , +46 , -03 , -06
-48 , +46 , -02 , -07
-47 , +46 , -03 , -07
-47 , +46 , -02 , -07
-48 , +48 , -03 , -08
-48 , +48 , -03 , -09
-49 , +48 , -03 , -09
-49 , +49 , -03 , -10
-49 , +49 , -03 , -11
-49 , +49 , -03 , -11
-50 , +50 , -03 , -11
-50 , +49 , -03 , -11
-50 , +50 , -03 , -12
-51 , +49 , -03 , -12
-51 , +49 , -04 , -13
-51 , +49 , -04 , -12
-51 , +49 , -04 , -12
-52 , +49 , -04 , -12
-51 , +49 , -04 , -11
-51 , +48 , -04 , -11
-51 , +48 , -03 , -08
-50 , +48 , -03 , -03
-50 , +48 , -04 , -03
-50 , +47 , -04 , -04
-50 , +47 , -04 , -05
-50 , +47 , -04 , -03
-50 , +47 , -04 , -03
-49 , +46 , -04 , -04
-49 , +45 , -04 , -04
-49 , +46 , -05 , -01
-49 , +46 , -04 , -02
-49 , +46 , -04 , -04
-49 , +46 , -05 , -04
-48 , +46 , -04 , -04
-48 , +47 , -04 , -01
-48 , +48 , -04 , +01
-48 , +49 , -04 , +04
-48 , +49 , -05 , +06
-48 , +50 , -05 , +06
-47 , +51 , -05 , +07
-47 , +51 , -05 , +05
-47 , +51 , -06 , +05
-47 , +50 , -06 , +03
-47 , +50 , -06 , +03
-47 , +50 , -06 , +02
-47 , +47 , -06 , +02
-47 , +47 , -07 , +00
-47 , +47 , -07 , -02
-47 , +47 , -07 , -02
-47 , +47 , -07 , -03
-47 , +48 , -07 , -03
-48 , +49 , -07 , -04
-48 , +50 , -07 , -05
-48 , +51 , -07 , -03
-48 , +51 , -07 , -03
-47 , +52 , -08 , -03
-47 , +52 , -08 , -03
-47 , +52 , -07 , +01
-47 , +52 , -08 , +02
-48 , +52 , -08 , +02
-48 , +53 , -08 , -01
-48 , +52 , -08 , +03
-48 , +53 , -08 , +00
-48 , +53 , -08 , -01
-47 , +53 , -09 , +02
-47 , +54 , -08 , +00
-47 , +55 , -09 , -01
-47 , +54 , -09 , -03
-47 , +55 , -09 , -04
-47 , +55 , -09 , -05
-46 , +55 , -09 , -07
-46 , +56 , -09 , -08
-46 , +57 , -09 , -08
-46 , +56 , -09 , -07
-46 , +57 , -09 , -08
-46 , +57 , -09 , -09
-46 , +57 , -08 , -11
-46 , +58 , -08 , -09
-47 , +58 , -08 , -09
-47 , +58 , -08 , -10
-47 , +58 , -08 , -11
-47 , +58 , -08 , -11
-46 , +58 , -08 , -10
-47 , +57 , -08 , -12
-47 , +57 , -08 , -11
-47 , +57 , -08 , -12
-47 , +57 , -08 , -12
-47 , +57 , -08 , -13
-47 , +58 , -08 , -15
-47 , +58 , -08 , -14
-47 , +58 , -08 , -15
-47 , +59 , -09 , -14
-47 , +58 , -09 , -14
-46 , +59 , -09 , -14
-46 , +58 , -09 , -15
-46 , +58 , -09 , -14
-46 , +58 , -09 , -15
-47 , +58 , -09 , -15
-47 , +58 , -09 , -14
-47 , +58 , -09 , -15
-47 , +58 , -09 , -14
-47 , +58 , -09 , -14
-47 , +57 , -09 , -15
-46 , +57 , -09 , -15
-46 , +56 , -09 , -16
-46 , +56 , -09 , -16
-46 , +57 , -08 , -15
-46 , +57 , -09 , -15
-46 , +56 , -09 , -15
-45 , +56 , -09 , -16
-45 , +56 , -09 , -16
-45 , +55 , -08 , -17
-45 , +55 , -08 , -18
-46 , +55 , -08 , -18
-46 , +56 , -08 , -20
-46 , +55 , -08 , -18
-45 , +55 , -08 , -20
-45 , +55 , -08 , -19
-45 , +56 , -08 , -20
-45 , +56 , -08 , -21
-45 , +56 , -08 , -22
-45 , +57 , -08 , -20
-46 , +58 , -08 , -19
-46 , +58 , -08 , -17
-46 , +58 , -08 , -17
-46 , +58 , -08 , -16
-46 , +58 , -08 , -15
-46 , +59 , -08 , -13
-46 , +59 , -08 , -12
-46 , +59 , -08 , -10
-46 , +58 , -08 , -10
-46 , +58 , -08 , -10
-46 , +58 , -08 , -12
-46 , +58 , -08 , -12
-47 , +59 , -08 , -14
-47 , +59 , -08 , -14
-47 , +59 , -07 , -13
-47 , +59 , -07 , -10
-47 , +58 , -07 , -08
-47 , +59 , -07 , -11
-47 , +59 , -07 , -09
-47 , +58 , -07 , -11
-48 , +58 , -07 , -10
-47 , +58 , -07 , -09
-47 , +57 , -07 , -09
-47 , +58 , -07 , -09
-47 , +59 , -07 , -09
-47 , +58 , -07 , -08
-47 , +58 , -07 , -07
-47 , +59 , -07 , -04
-47 , +59 , -07 , -05
-47 , +59 , -07 , -04
-47 , +59 , -07 , -03
-47 , +58 , -08 , -03
-47 , +58 , -08 , -02
-47 , +58 , -08 , -04
-47 , +57 , -08 , -04
-47 , +58 , -07 , -06
-47 , +58 , -07 , -07
-47 , +58 , -07 , -05
-47 , +58 , -07 , -04
-47 , +58 , -07 , -05
-47 , +57 , -07 , -09
-47 , +57 , -07 , -10
-47 , +58 , -07 , -10
-47 , +58 , -07 , -08
-47 , +57 , -07 , -10
-47 , +57 , -08 , -12
-47 , +56 , -07 , -14
-47 , +56 , -07 , -15
-46 , +56 , -07 , -15
-47 , +56 , -07 , -14
-47 , +56 , -07 , -14
-47 , +56 , -07 , -14
-47 , +56 , -07 , -15
-47 , +55 , -08 , -14
-47 , +54 , -07 , -13
-47 , +55 , -07 , -11
-46 , +54 , -07 , -13
-48 , +54 , -07 , -14
-47 , +54 , -07 , -09
-47 , +53 , -07 , -09
-47 , +54 , -07 , -08
-47 , +54 , -07 , -10
-47 , +54 , -07 , -09
-47 , +54 , -07 , -11
-47 , +54 , -07 , -11
-47 , +53 , -07 , -11
-46 , +53 , -07 , -13
-47 , +54 , -07 , -12
-47 , +54 , -07 , -11
-47 , +54 , -07 , -12
-47 , +54 , -07 , -14
-47 , +54 , -07 , -13
-47 , +54 , -07 , -13
-47 , +54 , -07 , -11
-47 , +54 , -07 , -11
-47 , +54 , -07 , -11
-47 , +54 , -07 , -11
-47 , +53 , -07 , -11
-47 , +53 , -07 , -10
-47 , +53 , -07 , -12
-47 , +54 , -07 , -10
-47 , +53 , -07 , -12
-47 , +53 , -07 , -13
-47 , +53 , -07 , -12
-47 , +53 , -07 , -11
-46 , +54 , -07 , -11
-46 , +54 , -07 , -12
-46 , +54 , -07 , -13
-46 , +53 , -07 , -11
-46 , +52 , -07 , -11
-46 , +53 , -07 , -13
-46 , +53 , -07 , -13
-46 , +53 , -07 , -14
-46 , +53 , -07 , -13
-46 , +54 , -07 , -11
-46 , +54 , -07 , -12
-46 , +54 , -07 , -12
-45 , +54 , -07 , -12
-46 , +54 , -07 , -13
-46 , +53 , -07 , -15
-45 , +53 , -07 , -15
-46 , +54 , -07 , -16
-46 , +54 , -07 , -18
-46 , +54 , -07 , -20
-46 , +54 , -07 , -21
-46 , +55 , -07 , -19
-45 , +55 , -07 , -20
-45 , +55 , -07 , -18
-45 , +56 , -07 , -20
-45 , +56 , -07 , -21
-45 , +55 , -07 , -19
-46 , +55 , -07 , -20
-46 , +55 , -07 , -20
-46 , +54 , -07 , -18
-46 , +54 , -07 , -16
-45 , +54 , -07 , -18
-45 , +54 , -07 , -19
-45 , +53 , -07 , -17
-45 , +53 , -07 , -16
-45 , +54 , -07 , -17
-45 , +53 , -07 , -14
-45 , +53 , -07 , -14
-45 , +52 , -07 , -12
-44 , +52 , -07 , -14
-45 , +52 , -07 , -16
-45 , +53 , -07 , -14
-44 , +53 , -07 , -13
-44 , +52 , -07 , -12
-44 , +53 , -07 , -14
-44 , +53 , -07 , -15
-45 , +53 , -08 , -15
-45 , +53 , -08 , -14
-45 , +53 , -08 , -13
-45 , +53 , -08 , -11
-45 , +52 , -08 , -14
-45 , +53 , -08 , -16
-45 , +53 , -08 , -15
-45 , +52 , -08 , -13
-44 , +53 , -08 , -12
-44 , +53 , -08 , -10
-44 , +52 , -08 , -14
-44 , +52 , -07 , -15
-44 , +53 , -08 , -14
-45 , +53 , -07 , -14
-45 , +54 , -07 , -14
-45 , +54 , -07 , -13
-45 , +54 , -07 , -14
-45 , +53 , -07 , -13
-45 , +54 , -07 , -12
-45 , +55 , -07 , -12
-45 , +54 , -07 , -10
-46 , +55 , -07 , -10
-46 , +55 , -07 , -10
-46 , +55 , -07 , -12
-46 , +55 , -07 , -13
-47 , +55 , -07 , -15
-47 , +54 , -07 , -15
-47 , +54 , -07 , -17
-47 , +54 , -07 , -15
-47 , +54 , -07 , -13
-47 , +54 , -07 , -16
-47 , +54 , -07 , -15
-47 , +54 , -07 , -17
-47 , +54 , -07 , -19
-47 , +54 , -07 , -20
-46 , +54 , -07 , -21
-48 , +55 , -07 , -20
-48 , +55 , -07 , -18
-48 , +54 , -08 , -17
-48 , +54 , -08 , -15
-47 , +54 , -08 , -17
-47 , +55 , -08 , -19
-47 , +56 , -07 , -17
-47 , +55 , -07 , -17
-47 , +55 , -08 , -14
-47 , +55 , -08 , -12
-48 , +55 , -08 , -14
-48 , +55 , -08 , -15
-48 , +54 , -08 , -16
-48 , +54 , -08 , -17
-47 , +54 , -08 , -18
-48 , +54 , -08 , -19
-49 , +53 , -08 , -20
-49 , +53 , -08 , -21
-48 , +53 , -08 , -21
-49 , +54 , -08 , -19
