-50 , +38 , -02 , +06
-50 , +36 , +00 , +05
-50 , +38 , +03 , +05
-50 , +35 , +05 , +05
-50 , +37 , +07 , +05
-50 , +37 , +05 , +05
-50 , +37 , +03 , +05
-50 , +39 , +00 , +05
-50 , +41 , +02 , +05
-50 , +40 , +03 , +05
-50 , +36 , +01 , +06
-50 , +35 , +03 , +05
-50 , +31 , +05 , +05
-50 , +29 , +03 , +05
-50 , +29 , +05 , +04
-50 , +29 , +06 , +04
-50 , +29 , +07 , +04
-50 , +32 , +03 , +04
-50 , +33 , +01 , +04
-50 , +33 , +01 , +04
-50 , +35 , +01 , +04
-50 , +37 , +01 , +04
-50 , +37 , +00 , +04
-50 , +39 , -03 , +04
-50 , +36 , -03 , +04
-50 , +35 , -06 , +04
-50 , +36 , -06 , +05
-50 , +36 , -04 , +05
-50 , +38 , -02 , +04
-50 , +33 , -01 , +04
-50 , +35 , -01 , +04
-50 , +32 , -01 , +05
-50 , +33 , +02 , +05
-50 , +31 , +04 , +05
-50 , +34 , +05 , +04
-50 , +29 , +01 , +04
-50 , +30 , +00 , +04
-50 , +32 , -01 , +05
-50 , +31 , +00 , +05
-50 , +31 , -02 , +05
-50 , +28 , -01 , +05
-50 , +28 , -02 , +05
-50 , +32 , -01 , +06
-50 , +28 , -01 , +06
-50 , +28 , -01 , +06
-50 , +27 , -03 , +06
-50 , +28 , +00 , +07
-50 , +30 , -02 , +07
-50 , +31 , -01 , +06
-50 , +33 , -01 , +06
-50 , +30 , -02 , +06
-50 , +28 , -01 , +07
-50 , +28 , -01 , +07
-50 , +30 , -01 , +06
-50 , +27 , -04 , +07
-51 , +28 , -01 , +07
-51 , +29 , -02 , +07
-51 , +28 , -04 , +07
-51 , +30 , -05 , +07
-51 , +28 , -03 , +07
-51 , +24 , -02 , +07
-52 , +26 , +01 , +07
-52 , +26 , +02 , +07
-52 , +27 , -01 , +06
-50 , +30 , +00 , +05
-50 , +31 , +01 , +04
-50 , +32 , -01 , +04
-50 , +33 , +03 , +05
-50 , +33 , +01 , +05
-50 , +34 , +00 , +05
-50 , +34 , -03 , +05
-50 , +34 , -02 , +06
-50 , +34 , -01 , +06
-50 , +36 , +00 , +06
-50 , +36 , -03 , +06
-50 , +37 , -08 , +08
-50 , +40 , -09 , +09
-50 , +41 , -10 , +09
-49 , +41 , -11 , +09
-49 , +37 , -07 , +09
-48 , +39 , -07 , +09
-47 , +40 , -09 , +09
-47 , +42 , -09 , +10
-46 , +42 , -11 , +09
-46 , +42 , -08 , +10
-46 , +43 , -06 , +10
-45 , +44 , -01 , +11
-44 , +44 , -05 , +11
-44 , +44 , -06 , +11
-43 , +44 , -05 , +11
-43 , +44 , -04 , +11
-42 , +44 , -03 , +11
-41 , +44 , -04 , +11
-41 , +44 , -03 , +11
-40 , +44 , +00 , +11
-40 , +44 , -01 , +11
-39 , +44 , -02 , +11
-39 , +44 , -03 , +11
-39 , +45 , -04 , +12
-38 , +44 , -05 , +13
-38 , +44 , -06 , +14
-39 , +43 , -05 , +14
-38 , +42 , -05 , +14
-38 , +40 , -08 , +14
-38 , +39 , -09 , +15
-37 , +38 , -07 , +15
-37 , +36 , -07 , +15
-36 , +35 , -07 , +15
-36 , +33 , -07 , +15
-35 , +31 , -07 , +15
-35 , +30 , -07 , +14
-34 , +28 , -06 , +15
-33 , +25 , -06 , +15
-31 , +21 , -07 , +16
-30 , +19 , -09 , +16
-29 , +17 , -08 , +17
-28 , +15 , -08 , +17
-28 , +12 , -07 , +17
-25 , +07 , -01 , +17
-24 , +05 , -01 , +17
-22 , +02 , -01 , +18
-19 , -02 , -01 , +18
-18 , -05 , +00 , +18
-17 , -08 , +02 , +18
-15 , -11 , +01 , +18
-13 , -12 , -02 , +18
-11 , -14 , -04 , +18
-10 , -16 , -02 , +18
-06 , -20 , +03 , +18
-04 , -23 , +05 , +18
-04 , -25 , +02 , +18
-04 , -26 , +02 , +18
+00 , -27 , -01 , +18
+02 , -28 , +02 , +18
+04 , -31 , +02 , +18
+05 , -27 , +03 , +18
+07 , -27 , +05 , +19
+09 , -29 , +03 , +19
+11 , -32 , +03 , +19
+13 , -34 , +05 , +20
+14 , -34 , +06 , +20
+18 , -36 , +04 , +20
+19 , -35 , +03 , +21
+20 , -30 , +01 , +21
+20 , -30 , +01 , +22
+21 , -30 , +02 , +22
+21 , -31 , +03 , +23
+23 , -31 , +01 , +23
+26 , -31 , +04 , +23
+26 , -31 , +02 , +24
+27 , -32 , +01 , +24
+30 , -33 , +00 , +24
+31 , -33 , -03 , +25
+31 , -34 , -04 , +25
+32 , -34 , -06 , +25
+31 , -33 , -06 , +25
+32 , -32 , -06 , +25
+33 , -31 , -02 , +25
+34 , -32 , -02 , +26
+35 , -29 , +00 , +26
+35 , -30 , +02 , +26
+35 , -31 , -02 , +26
+35 , -30 , +03 , +26
+36 , -30 , +06 , +27
+37 , -30 , +08 , +27
+36 , -32 , +10 , +27
+38 , -32 , +09 , +27
+39 , -32 , +06 , +27
+39 , -33 , +04 , +27
+39 , -33 , +02 , +27
+40 , -31 , +03 , +28
+40 , -29 , +02 , +27
+41 , -27 , +01 , +28
+41 , -27 , +02 , +28
+42 , -28 , +01 , +28
+43 , -29 , +01 , +28
+43 , -30 , +01 , +27
+43 , -32 , +01 , +27
+43 , -33 , +02 , +27
+43 , -34 , +03 , +27
+43 , -34 , +03 , +26
+44 , -34 , +03 , +26
+44 , -34 , +03 , +26
+45 , -34 , +03 , +25
+45 , -35 , +03 , +25
+46 , -36 , +01 , +25
+46 , -36 , -01 , +24
+47 , -37 , -02 , +24
+47 , -39 , -08 , +23
+47 , -39 , -05 , +23
+48 , -39 , -07 , +23
+48 , -40 , -10 , +22
+49 , -40 , -14 , +22
+49 , -40 , -17 , +22
+50 , -41 , -14 , +22
+50 , -41 , -13 , +22
+51 , -41 , -11 , +22
+51 , -40 , -10 , +21
+52 , -40 , -09 , +20
+52 , -40 , -08 , +19
+52 , -39 , -07 , +16
+53 , -40 , -06 , +14
+53 , -40 , -05 , +13
+53 , -40 , -05 , +10
+54 , -39 , -05 , +09
+54 , -39 , -04 , +06
+55 , -39 , -03 , +06
+56 , -38 , -03 , +05
+56 , -38 , -03 , +05
+56 , -38 , -02 , +00
+56 , -38 , -01 , -02
+56 , -38 , +00 , -04
+56 , -38 , +00 , -04
+57 , -38 , +00 , -05
+57 , -37 , +00 , -01
+56 , -37 , +01 , -04
+57 , -36 , +00 , -01
+56 , -36 , +00 , -03
+56 , -35 , +00 , -01
+56 , -35 , +00 , +02
+55 , -34 , +01 , +03
+55 , -33 , +01 , +03
+54 , -32 , +01 , +03
+54 , -30 , +02 , +04
+54 , -29 , +02 , +05
+54 , -29 , +03 , +06
+53 , -29 , +02 , +07
+53 , -28 , +03 , +07
+52 , -27 , +03 , +07
+52 , -27 , +04 , +08
+51 , -26 , +05 , +05
+51 , -25 , +06 , +03
+51 , -25 , +06 , +00
+50 , -24 , +06 , -03
+50 , -23 , +06 , -06
+49 , -23 , +06 , -08
+48 , -22 , +06 , -07
+48 , -21 , +06 , -07
+48 , -19 , +05 , -08
+48 , -17 , +05 , -07
+48 , -17 , +06 , -04
+48 , -15 , +06 , -04
+47 , -15 , +06 , -03
+47 , -15 , +06 , -01
+46 , -13 , +06 , -03
+46 , -13 , +06 , -02
+46 , -11 , +06 , -02
+45 , -11 , +06 , -05
+44 , -10 , +06 , -02
+44 , -09 , +06 , -01
+43 , -08 , +06 , -03
+42 , -06 , +07 , -05
+41 , -05 , +07 , -06
+39 , -03 , +07 , -06
+38 , -01 , +06 , -05
+36 , +00 , +06 , -03
+35 , +01 , +05 , -02
+34 , +02 , +05 , -01
+31 , +04 , +05 , -04
+30 , +06 , +05 , -02
+28 , +07 , +06 , -04
+27 , +09 , +06 , -08
+26 , +10 , +06 , -07
+25 , +11 , +06 , -07
+23 , +12 , +06 , -05
+22 , +13 , +07 , -04
+19 , +14 , +07 , -07
+18 , +16 , +07 , -07
+14 , +18 , +07 , -07
+12 , +18 , +07 , -07
+10 , +20 , +07 , -05
+08 , +22 , +07 , -03
+06 , +23 , +08 , -04
+05 , +24 , +08 , -01
+02 , +25 , +08 , -01
-02 , +26 , +09 , -02
-03 , +28 , +09 , -02
-04 , +29 , +10 , -03
-05 , +24 , +10 , -03
-07 , +27 , +11 , -02
-09 , +28 , +11 , +00
-11 , +29 , +11 , -01
-12 , +31 , +12 , +01
-13 , +32 , +12 , +02
-16 , +34 , +12 , +03
-17 , +36 , +13 , +03
-19 , +37 , +13 , +03
-20 , +39 , +14 , +03
-20 , +42 , +14 , +01
-21 , +43 , +14 , +01
-22 , +44 , +15 , +00
-23 , +46 , +15 , -01
-24 , +46 , +15 , +00
-25 , +47 , +16 , +02
-26 , +48 , +16 , +03
-27 , +48 , +16 , +02
-27 , +49 , +17 , -01
-29 , +50 , +17 , -01
-32 , +50 , +18 , -01
-33 , +51 , +18 , -02
-33 , +51 , +18 , -01
-34 , +50 , +18 , +00
-30 , +52 , +19 , +01
-32 , +52 , +19 , +01
-35 , +52 , +19 , +02
-35 , +52 , +18 , +02
-36 , +52 , +18 , +02
-37 , +52 , +18 , +02
-38 , +55 , +18 , +02
-39 , +55 , +17 , +03
-39 , +56 , +17 , +03
-40 , +56 , +17 , +03
-39 , +50 , +16 , +02
-42 , +50 , +15 , +02
-41 , +51 , +14 , +04
-42 , +52 , +13 , +06
-43 , +52 , +11 , +06
-42 , +53 , +11 , +06
-41 , +53 , +09 , +05
-42 , +54 , +07 , +05
-42 , +54 , +05 , +05
-43 , +55 , +06 , +07
-43 , +55 , +04 , +07
-42 , +55 , +02 , +08
-41 , +57 , +00 , +10
-41 , +57 , -03 , +10
-40 , +56 , -04 , +10
-40 , +57 , -06 , +11
-40 , +57 , -05 , +12
-40 , +56 , -09 , +14
-40 , +57 , -10 , +14
-39 , +56 , -12 , +12
-38 , +56 , -13 , +12
-38 , +55 , -14 , +12
-36 , +55 , -16 , +12
-36 , +56 , -18 , +13
-36 , +56 , -19 , +10
-36 , +55 , -20 , +12
-36 , +55 , -20 , +12
-36 , +56 , -21 , +14
-35 , +56 , -20 , +15
-35 , +57 , -19 , +16
-35 , +58 , -20 , +18
-35 , +58 , -20 , +18
-35 , +59 , -17 , +17
-35 , +59 , -15 , +15
-35 , +59 , -11 , +18
-35 , +59 , -13 , +19
-34 , +60 , -10 , +16
-34 , +61 , -08 , +16
-33 , +61 , -10 , +16
-33 , +57 , -09 , +19
-34 , +58 , -08 , +20
-34 , +53 , -06 , +21
-35 , +50 , -05 , +21
-33 , +50 , -03 , +21
-33 , +51 , -03 , +21
-33 , +50 , -03 , +21
-34 , +51 , -02 , +22
-35 , +52 , +00 , +22
-36 , +49 , +04 , +21
-36 , +45 , +03 , +20
-35 , +43 , +04 , +19
-36 , +43 , +04 , +19
-36 , +43 , +04 , +18
-37 , +36 , +02 , +17
-37 , +33 , +04 , +17
-38 , +34 , +04 , +16
-38 , +34 , +05 , +15
-39 , +28 , +06 , +15
-40 , +26 , +05 , +14
-41 , +24 , +06 , +14
-42 , +22 , +06 , +13
-42 , +23 , +02 , +13
-43 , +22 , +00 , +12
-44 , +19 , +02 , +12
-45 , +19 , +02 , +10
-46 , +21 , +01 , +10
-46 , +22 , -03 , +10
-46 , +23 , -05 , +09
-47 , +25 , -05 , +09
-47 , +23 , -02 , +08
-47 , +21 , -05 , +08
-48 , +19 , -06 , +08
-48 , +19 , -06 , +08
-49 , +22 , -07 , +07
-49 , +19 , -06 , +07
-49 , +21 , -02 , +07
-50 , +22 , -04 , +07
-50 , +21 , -03 , +06
-51 , +19 , -02 , +06
-51 , +20 , -05 , +06
-51 , +18 , -04 , +05
-51 , +18 , -03 , +06
-52 , +17 , -02 , +06
-51 , +19 , -01 , +06
-51 , +20 , +01 , +06
