+40 , -40 , -02 , -02
+40 , -40 , -02 , -01
+40 , -40 , -02 , -01
+40 , -40 , -02 , -01
+41 , -42 , -02 , +00
+41 , -41 , -02 , -01
+41 , -40 , -01 , -02
+41 , -40 , -01 , -02
+41 , -40 , -01 , -02
+41 , -40 , -02 , -01
+41 , -39 , -03 , -02
+41 , -39 , -03 , -02
+41 , -39 , -03 , -03
+41 , -39 , -04 , -03
+41 , -38 , -05 , -03
+40 , -38 , -05 , -02
+40 , -38 , -05 , -03
+40 , -37 , -05 , -03
+40 , -39 , -05 , -04
+40 , -38 , -05 , -04
+40 , -38 , -05 , -04
+41 , -38 , -04 , -05
+41 , -39 , -05 , -04
+41 , -38 , -05 , -03
+41 , -38 , -05 , -03
+41 , -39 , -05 , -03
+41 , -40 , -06 , -03
+40 , -39 , -06 , -02
+40 , -39 , -07 , -02
+41 , -39 , -07 , -03
+41 , -38 , -08 , -04
+41 , -39 , -08 , -03
+41 , -39 , -08 , -04
+41 , -40 , -07 , -03
+41 , -40 , -06 , -03
+41 , -40 , -07 , -02
+41 , -40 , -08 , -04
+41 , -39 , -08 , -05
+40 , -40 , -07 , -05
+40 , -39 , -06 , -06
+40 , -38 , -06 , -06
+39 , -39 , -06 , -07
+39 , -38 , -06 , -07
+39 , -39 , -06 , -08
+39 , -39 , -07 , -08
+39 , -40 , -08 , -08
+40 , -39 , -07 , -09
+39 , -40 , -08 , -10
+39 , -39 , -07 , -10
+39 , -38 , -07 , -11
+39 , -38 , -07 , -11
+38 , -38 , -07 , -12
+38 , -37 , -06 , -12
+38 , -37 , -07 , -13
+38 , -37 , -06 , -13
+38 , -36 , -04 , -14
+38 , -37 , -06 , -14
+38 , -37 , -06 , -15
+38 , -37 , -07 , -15
+38 , -37 , -09 , -15
+39 , -38 , -09 , -15
+39 , -38 , -09 , -15
+39 , -38 , -09 , -15
+40 , -38 , -09 , -16
+40 , -39 , -10 , -16
+39 , -38 , -09 , -17
+39 , -38 , -09 , -16
+39 , -38 , -09 , -16
+39 , -38 , -08 , -15
+39 , -37 , -09 , -15
+39 , -37 , -08 , -14
+39 , -37 , -08 , -14
+37 , -37 , -07 , -13
+37 , -35 , -07 , -13
+37 , -36 , -06 , -13
+36 , -36 , -06 , -12
+36 , -35 , -05 , -11
+36 , -35 , -05 , -11
+35 , -34 , -04 , -09
+34 , -34 , -04 , -06
+33 , -33 , -04 , -07
+33 , -33 , -04 , -08
+32 , -32 , -04 , -08
+32 , -32 , -04 , -08
+32 , -32 , -04 , -09
+31 , -31 , -04 , -09
+30 , -30 , -04 , -09
+29 , -30 , -04 , -09
+28 , -28 , -03 , -09
+27 , -27 , -03 , -10
+26 , -25 , -03 , -10
+25 , -24 , -03 , -10
+24 , -22 , -03 , -09
+23 , -21 , -03 , -08
+22 , -20 , -05 , -08
+19 , -18 , -05 , -09
+17 , -17 , -06 , -10
+16 , -16 , -05 , -10
+15 , -14 , -04 , -10
+13 , -13 , -04 , -10
+12 , -12 , -04 , -09
+11 , -10 , -04 , -10
+10 , -09 , -05 , -10
+09 , -07 , -05 , -13
+07 , -04 , -05 , -13
+06 , -02 , -04 , -11
+05 , +01 , -04 , -08
+04 , +02 , -03 , -07
+03 , +03 , -04 , -05
+02 , +05 , -03 , -04
+01 , +06 , -03 , -04
+00 , +08 , -03 , -02
-02 , +11 , -03 , -01
-04 , +12 , -04 , -01
-05 , +14 , -04 , -02
-06 , +15 , -04 , -02
-07 , +16 , -04 , -02
-08 , +18 , -03 , -02
-09 , +18 , -03 , -02
-09 , +20 , -03 , -01
-10 , +21 , -03 , -02
-11 , +21 , -03 , -01
-12 , +22 , -04 , -01
-13 , +23 , -04 , -01
-14 , +23 , -04 , -01
-15 , +24 , -04 , -02
-16 , +25 , -05 , -02
-17 , +26 , -05 , -02
-18 , +27 , -04 , -01
-19 , +29 , -05 , +00
-21 , +25 , -05 , +03
-22 , +25 , -06 , +04
-23 , +26 , -06 , +03
-23 , +26 , -06 , +03
-23 , +27 , -06 , +03
-24 , +27 , -06 , +03
-24 , +27 , -07 , +03
-25 , +28 , -07 , +03
-26 , +28 , -07 , +03
-26 , +24 , -09 , +05
-27 , +26 , -09 , +05
-27 , +27 , -09 , +05
-28 , +25 , -10 , +06
-28 , +27 , -10 , +06
-29 , +28 , -11 , +06
-31 , +29 , -11 , +04
-31 , +31 , -11 , +03
-32 , +29 , -11 , +03
-33 , +28 , -11 , +03
-34 , +29 , -11 , +03
-35 , +31 , -11 , +03
-35 , +33 , -12 , +03
-35 , +35 , -11 , +03
-36 , +28 , -12 , +03
-37 , +30 , -12 , +03
-37 , +32 , -13 , +03
-37 , +29 , -14 , +05
-38 , +28 , -14 , +04
-38 , +28 , -15 , +03
-39 , +27 , -16 , +04
-38 , +25 , -16 , +03
-38 , +23 , -17 , +03
-38 , +20 , -17 , +01
-39 , +22 , -17 , +01
-39 , +22 , -18 , +01
-39 , +24 , -18 , +01
-39 , +25 , -18 , +02
-40 , +25 , -18 , +01
-40 , +27 , -18 , +00
-40 , +28 , -18 , +00
-40 , +29 , -18 , +00
-39 , +27 , -18 , +00
-40 , +29 , -17 , +00
-40 , +30 , -17 , +01
-40 , +32 , -16 , +03
-41 , +32 , -16 , +00
-41 , +31 , -16 , -02
-42 , +34 , -15 , +01
-43 , +33 , -15 , +00
-44 , +34 , -14 , +00
-44 , +35 , -13 , -01
-45 , +36 , -13 , -01
-45 , +37 , -13 , -01
-46 , +35 , -12 , -01
-44 , +35 , -12 , +01
-44 , +34 , -12 , +01
-45 , +35 , -10 , +04
-45 , +35 , -09 , +04
-46 , +35 , -09 , +04
-47 , +36 , -08 , +02
-48 , +38 , -07 , +02
-48 , +39 , -06 , +02
-48 , +39 , -05 , +01
-48 , +38 , -05 , +00
-48 , +40 , -04 , +00
-48 , +42 , -03 , -02
-48 , +42 , -02 , -02
-50 , +43 , -01 , -03
-51 , +44 , +00 , -02
-52 , +44 , +03 , -02
-52 , +46 , +05 , -01
-52 , +48 , +06 , -02
-52 , +48 , +08 , -02
-52 , +48 , +09 , -02
-53 , +49 , +10 , -02
-52 , +50 , +11 , -02
-53 , +52 , +12 , +00
-52 , +48 , +13 , -01
-51 , +48 , +14 , +00
-52 , +50 , +15 , -02
-51 , +49 , +16 , -02
-52 , +44 , +17 , -04
-52 , +43 , +17 , -03
-53 , +43 , +19 , -04
-53 , +43 , +20 , -05
-53 , +40 , +21 , -06
-53 , +40 , +21 , -06
-54 , +40 , +22 , -06
-53 , +40 , +22 , -05
-53 , +41 , +23 , -05
-53 , +44 , +24 , -04
-53 , +45 , +24 , -04
-54 , +47 , +24 , -04
-54 , +46 , +25 , -04
-54 , +46 , +25 , -03
-54 , +47 , +25 , -02
-53 , +47 , +25 , -02
-53 , +48 , +25 , -02
-52 , +47 , +25 , -01
-54 , +46 , +25 , +00
-53 , +45 , +25 , +00
-52 , +45 , +25 , +00
-52 , +45 , +24 , +01
-51 , +45 , +24 , +00
-51 , +45 , +23 , +00
-51 , +44 , +23 , +00
-51 , +46 , +23 , +00
-51 , +45 , +22 , +00
-50 , +44 , +21 , +00
-49 , +43 , +21 , -02
-48 , +42 , +20 , -03
-48 , +45 , +20 , -04
-48 , +46 , +20 , -05
-48 , +45 , +19 , -03
-47 , +44 , +19 , -01
-46 , +43 , +19 , +01
-45 , +42 , +19 , -01
-43 , +41 , +18 , +00
-44 , +41 , +18 , -01
-43 , +40 , +17 , -01
-43 , +39 , +16 , -01
-43 , +39 , +16 , -02
-42 , +42 , +15 , -02
-42 , +41 , +16 , -02
-41 , +40 , +16 , -02
-41 , +39 , +15 , -03
-40 , +39 , +15 , -03
-40 , +39 , +14 , -03
-39 , +38 , +14 , -02
-38 , +37 , +13 , -03
-37 , +37 , +12 , -02
-36 , +36 , +11 , -04
-34 , +35 , +11 , -04
-33 , +34 , +11 , -04
-31 , +32 , +10 , -02
-30 , +31 , +10 , -03
-29 , +28 , +09 , -02
-28 , +27 , +10 , -03
-27 , +26 , +09 , -03
-27 , +25 , +10 , -03
-26 , +24 , +09 , -03
-25 , +23 , +09 , -02
-24 , +22 , +09 , -03
-23 , +21 , +08 , -03
-23 , +20 , +07 , -03
-22 , +18 , +07 , -03
-21 , +17 , +08 , -02
-20 , +15 , +07 , -02
-19 , +14 , +06 , -02
-16 , +10 , +06 , +00
-15 , +07 , +03 , +00
-14 , +06 , +02 , +01
-12 , +02 , +01 , +01
-11 , +01 , +02 , +02
-10 , +00 , +01 , +01
-10 , -02 , +00 , +02
-09 , -03 , +01 , +04
-08 , -05 , +02 , +06
-07 , -06 , +01 , +06
-06 , -08 , +00 , +05
-05 , -09 , +00 , +05
-04 , -11 , +00 , +05
-03 , -13 , -01 , +05
-02 , -14 , -02 , +06
-01 , -18 , -02 , +05
+01 , -20 , -02 , +05
+02 , -20 , -02 , +05
+03 , -22 , -02 , +06
+04 , -23 , -02 , +07
+06 , -25 , -04 , +07
+07 , -26 , -05 , +08
+07 , -27 , -05 , +08
+08 , -27 , -05 , +09
+09 , -28 , -06 , +10
+10 , -30 , -06 , +11
+11 , -30 , -07 , +11
+12 , -30 , -07 , +12
+13 , -29 , -08 , +13
+14 , -32 , -09 , +14
+15 , -29 , -09 , +15
+15 , -30 , -09 , +15
+16 , -34 , -09 , +18
+18 , -35 , -09 , +20
+19 , -37 , -10 , +21
+20 , -32 , -08 , +21
+23 , -33 , -09 , +21
+23 , -34 , -09 , +21
+24 , -36 , -09 , +21
+25 , -37 , -09 , +22
+26 , -36 , -10 , +22
+27 , -38 , -10 , +21
+28 , -35 , -10 , +22
+29 , -36 , -10 , +22
+30 , -37 , -10 , +23
+30 , -36 , -10 , +23
+31 , -38 , -11 , +24
+31 , -38 , -11 , +24
+31 , -42 , -12 , +25
+32 , -43 , -12 , +26
+33 , -43 , -13 , +27
+33 , -43 , -13 , +27
+35 , -43 , -13 , +28
+35 , -43 , -13 , +28
+35 , -44 , -14 , +29
+36 , -43 , -14 , +29
+36 , -42 , -13 , +28
+36 , -43 , -14 , +28
+36 , -43 , -13 , +29
+36 , -39 , -13 , +28
+36 , -38 , -13 , +28
+36 , -38 , -13 , +28
+36 , -39 , -13 , +29
+37 , -39 , -13 , +29
+38 , -39 , -12 , +29
+39 , -39 , -10 , +29
+39 , -40 , -10 , +30
+39 , -41 , -10 , +30
+39 , -41 , -10 , +28
+39 , -43 , -10 , +28
+39 , -43 , -10 , +27
+39 , -43 , -10 , +27
+39 , -44 , -09 , +27
+39 , -44 , -09 , +27
+39 , -44 , -09 , +26
+39 , -44 , -09 , +25
+39 , -44 , -09 , +25
+40 , -44 , -08 , +23
+40 , -44 , -08 , +22
+41 , -45 , -09 , +21
+41 , -45 , -09 , +24
+41 , -44 , -11 , +21
+41 , -44 , -11 , +21
+41 , -44 , -11 , +20
+42 , -44 , -10 , +19
+36 , -43 , -07 , +18
+37 , -45 , -05 , +17
+37 , -45 , -04 , +16
+37 , -45 , -05 , +15
+37 , -45 , -06 , +13
+37 , -44 , -06 , +12
+37 , -43 , -07 , +11
+37 , -43 , -08 , +09
+38 , -38 , -09 , +06
+39 , -39 , -10 , +05
+40 , -40 , -11 , +03
+40 , -39 , -11 , +02
+42 , -38 , -11 , +01
+42 , -38 , -10 , +01
+42 , -37 , -10 , +00
+42 , -38 , -09 , +00
+41 , -38 , -06 , -03
+42 , -37 , -05 , -01
+43 , -36 , -04 , -03
+43 , -37 , -03 , -01
+42 , -37 , -03 , +00
+42 , -39 , -03 , -02
+42 , -39 , -02 , -03
+42 , -39 , -02 , -04
+43 , -38 , -01 , -02
+43 , -38 , -01 , -03
+44 , -38 , -01 , -03
+44 , -38 , +00 , -02
+44 , -37 , +00 , -03
+44 , -37 , +00 , -04
+43 , -36 , -01 , -05
+43 , -35 , -01 , -03
+43 , -36 , +00 , -05
+43 , -36 , -01 , -05
+43 , -37 , -01 , -03
+43 , -36 , -01 , -04
