+42 , -31 , -13 , -14
+42 , -31 , -13 , -15
+41 , -31 , -13 , -14
+41 , -31 , -13 , -13
+41 , -31 , -12 , -14
+41 , -31 , -12 , -14
+41 , -31 , -11 , -14
+41 , -31 , -11 , -15
+41 , -31 , -11 , -15
+41 , -31 , -13 , -15
+42 , -31 , -12 , -15
+42 , -31 , -13 , -15
+42 , -31 , -12 , -16
+41 , -31 , -12 , -16
+41 , -31 , -12 , -16
+41 , -32 , -13 , -15
+42 , -31 , -12 , -15
+42 , -31 , -12 , -15
+43 , -31 , -12 , -16
+43 , -30 , -12 , -16
+43 , -30 , -12 , -16
+42 , -31 , -11 , -16
+42 , -30 , -12 , -16
+42 , -31 , -12 , -16
+42 , -31 , -13 , -15
+42 , -32 , -12 , -16
+41 , -32 , -12 , -16
+41 , -32 , -11 , -16
+41 , -32 , -10 , -16
+41 , -32 , -10 , -16
+40 , -31 , -10 , -15
+40 , -31 , -09 , -15
+40 , -31 , -09 , -15
+40 , -31 , -09 , -16
+40 , -31 , -09 , -16
+40 , -31 , -09 , -16
+40 , -31 , -09 , -15
+40 , -31 , -08 , -15
+39 , -31 , -08 , -15
+39 , -32 , -08 , -16
+39 , -31 , -08 , -16
+40 , -32 , -09 , -16
+40 , -31 , -09 , -16
+40 , -31 , -10 , -15
+40 , -31 , -10 , -15
+40 , -32 , -09 , -16
+42 , -30 , -10 , -16
+42 , -30 , -10 , -16
+42 , -30 , -10 , -16
+41 , -30 , -11 , -15
+41 , -30 , -10 , -15
+41 , -31 , -10 , -15
+41 , -30 , -10 , -16
+41 , -30 , -10 , -16
+42 , -30 , -10 , -16
+42 , -29 , -11 , -15
+42 , -29 , -10 , -15
+42 , -29 , -10 , -16
+42 , -30 , -09 , -16
+43 , -29 , -09 , -16
+42 , -29 , -09 , -16
+42 , -29 , -09 , -15
+42 , -28 , -10 , -15
+42 , -28 , -10 , -14
+42 , -28 , -10 , -14
+42 , -29 , -10 , -14
+42 , -29 , -11 , -14
+42 , -29 , -11 , -14
+42 , -29 , -11 , -13
+41 , -30 , -11 , -14
+41 , -30 , -11 , -14
+41 , -30 , -11 , -14
+41 , -30 , -11 , -14
+41 , -30 , -10 , -14
+41 , -29 , -10 , -15
+40 , -29 , -11 , -15
+40 , -30 , -11 , -15
+40 , -30 , -11 , -15
+40 , -30 , -12 , -15
+40 , -30 , -11 , -15
+40 , -30 , -11 , -15
+40 , -29 , -10 , -15
+41 , -29 , -10 , -15
+41 , -29 , -10 , -15
+41 , -28 , -11 , -15
+42 , -28 , -10 , -15
+41 , -29 , -10 , -15
+42 , -28 , -11 , -14
+42 , -28 , -10 , -14
+41 , -28 , -10 , -14
+41 , -28 , -11 , -14
+42 , -27 , -11 , -14
+42 , -28 , -11 , -14
+42 , -28 , -11 , -15
+42 , -28 , -11 , -15
+43 , -27 , -12 , -15
+43 , -27 , -11 , -15
+42 , -28 , -11 , -15
+42 , -28 , -11 , -15
+42 , -28 , -11 , -15
+42 , -28 , -11 , -15
+42 , -28 , -11 , -15
+42 , -28 , -10 , -16
+41 , -28 , -10 , -16
+41 , -29 , -09 , -16
+41 , -28 , -09 , -16
+41 , -28 , -10 , -16
+41 , -28 , -10 , -15
+40 , -28 , -09 , -15
+40 , -28 , -09 , -15
+40 , -28 , -09 , -16
+41 , -28 , -09 , -15
+41 , -29 , -09 , -15
+41 , -29 , -08 , -16
+40 , -29 , -07 , -15
+40 , -29 , -07 , -15
+40 , -29 , -06 , -15
+39 , -29 , -05 , -15
+40 , -28 , -06 , -15
+40 , -28 , -06 , -15
+40 , -28 , -06 , -15
+39 , -28 , -06 , -15
+38 , -28 , -06 , -15
+40 , -28 , -06 , -15
+40 , -28 , -05 , -15
+40 , -28 , -06 , -15
+40 , -28 , -06 , -15
+40 , -27 , -06 , -14
+40 , -27 , -06 , -14
+40 , -28 , -05 , -15
+40 , -28 , -06 , -14
+40 , -28 , -06 , -15
+40 , -28 , -07 , -15
+40 , -28 , -07 , -15
+39 , -28 , -06 , -15
+38 , -28 , -09 , -15
+39 , -29 , -09 , -15
+38 , -29 , -08 , -15
+39 , -29 , -08 , -15
+38 , -29 , -08 , -16
+38 , -28 , -08 , -16
+39 , -27 , -08 , -16
+38 , -27 , -07 , -16
+38 , -27 , -08 , -16
+38 , -26 , -07 , -16
+39 , -26 , -08 , -17
+39 , -24 , -08 , -17
+39 , -24 , -08 , -17
+39 , -25 , -08 , -17
+39 , -25 , -08 , -17
+39 , -26 , -08 , -17
+39 , -26 , -09 , -17
+40 , -24 , -08 , -17
+40 , -25 , -08 , -17
+40 , -25 , -09 , -17
+39 , -25 , -10 , -17
+39 , -26 , -11 , -17
+40 , -26 , -11 , -16
+40 , -27 , -10 , -17
+40 , -27 , -11 , -17
+39 , -27 , -12 , -16
+39 , -28 , -09 , -16
+39 , -28 , -09 , -16
+40 , -28 , -10 , -16
+40 , -28 , -10 , -16
+39 , -29 , -10 , -16
+39 , -29 , -10 , -16
+39 , -29 , -11 , -16
+39 , -29 , -10 , -16
+38 , -29 , -10 , -16
+37 , -29 , -11 , -16
+37 , -30 , -11 , -17
+38 , -32 , -10 , -17
+40 , -34 , -09 , -17
+39 , -34 , -08 , -18
+39 , -34 , -07 , -17
+39 , -34 , -06 , -17
+39 , -34 , -05 , -17
+39 , -34 , -04 , -18
+39 , -34 , -04 , -19
+39 , -34 , -04 , -19
+39 , -34 , -04 , -18
+39 , -34 , -03 , -18
+39 , -34 , -03 , -18
+39 , -34 , -03 , -17
+38 , -33 , -02 , -16
+38 , -33 , -01 , -15
+37 , -33 , +00 , -16
+36 , -34 , +00 , -16
+35 , -31 , +00 , -14
+35 , -33 , +00 , -16
+34 , -32 , +00 , -15
+34 , -31 , -01 , -15
+33 , -31 , -01 , -13
+32 , -30 , -01 , -13
+31 , -29 , -04 , -11
+31 , -29 , -04 , -15
+30 , -28 , -03 , -13
+29 , -27 , -03 , -14
+28 , -25 , -02 , -14
+27 , -23 , -03 , -14
+25 , -22 , -01 , -12
+24 , -20 , +00 , -12
+22 , -20 , +00 , -12
+21 , -19 , +01 , -12
+17 , -15 , +02 , -12
+15 , -14 , +03 , -11
+14 , -12 , +03 , -10
+13 , -11 , +02 , -09
+12 , -09 , +01 , -08
+11 , -08 , +02 , -08
+09 , -05 , +03 , -08
+08 , -04 , +03 , -09
+07 , -03 , +03 , -09
+05 , -01 , +04 , -09
+05 , +00 , +03 , -09
+03 , +01 , +04 , -09
+02 , +03 , +05 , -08
-01 , +04 , +05 , -09
-02 , +07 , +06 , -10
-03 , +09 , +07 , -10
-06 , +12 , +08 , -08
-09 , +15 , +08 , -06
-11 , +15 , +08 , -06
-13 , +17 , +09 , -05
-14 , +19 , +09 , -03
-16 , +21 , +10 , -02
-17 , +24 , +10 , -02
-19 , +27 , +10 , +02
-20 , +30 , +10 , +03
-21 , +30 , +10 , +02
-22 , +31 , +10 , +00
-23 , +32 , +10 , -01
-25 , +33 , +10 , -02
-26 , +33 , +10 , -03
-27 , +34 , +10 , -04
-30 , +35 , +11 , -04
-31 , +35 , +11 , -03
-34 , +37 , +12 , -03
-35 , +37 , +12 , -03
-37 , +37 , +13 , -04
-39 , +38 , +13 , -03
-39 , +38 , +13 , -03
-40 , +38 , +13 , -05
-41 , +40 , +14 , -06
-42 , +40 , +14 , -04
-43 , +40 , +14 , -04
-43 , +41 , +13 , -02
-44 , +43 , +13 , -03
-45 , +43 , +13 , -03
-47 , +45 , +13 , -03
-47 , +39 , +12 , -04
-49 , +39 , +12 , -05
-51 , +39 , +11 , -07
-52 , +39 , +10 , -07
-53 , +40 , +08 , -07
-54 , +41 , +08 , -08
-54 , +42 , +07 , -06
-54 , +42 , +06 , -05
-55 , +42 , +05 , -07
-54 , +42 , +04 , -06
-55 , +43 , +02 , -05
-55 , +43 , +02 , -05
-56 , +43 , +01 , -05
-55 , +42 , +00 , -05
-55 , +44 , -01 , -08
-54 , +40 , -01 , -10
-54 , +42 , -03 , -11
-53 , +42 , -04 , -11
-53 , +43 , -05 , -09
-53 , +44 , -06 , -08
-53 , +41 , -07 , -08
-53 , +41 , -08 , -07
-53 , +41 , -09 , -06
-52 , +40 , -09 , -05
-52 , +42 , -10 , -06
-52 , +43 , -10 , -06
-51 , +42 , -11 , -06
-50 , +44 , -12 , -08
-50 , +44 , -12 , -07
-49 , +44 , -12 , -06
-49 , +44 , -13 , -05
-48 , +45 , -13 , -04
-47 , +45 , -12 , -03
-47 , +45 , -12 , -01
-47 , +45 , -12 , +01
-46 , +45 , -12 , +02
-45 , +44 , -12 , +02
-45 , +44 , -11 , +02
-44 , +45 , -12 , +03
-44 , +45 , -12 , +03
-43 , +47 , -12 , +03
-43 , +46 , -12 , +04
-43 , +48 , -12 , +05
-42 , +48 , -12 , +04
-42 , +48 , -12 , +04
-42 , +48 , -11 , +04
-41 , +49 , -11 , +05
-40 , +49 , -10 , +06
-40 , +50 , -11 , +07
-39 , +46 , -11 , +08
-39 , +46 , -10 , +07
-38 , +42 , -10 , +09
-38 , +43 , -11 , +09
-37 , +45 , -11 , +09
-36 , +46 , -12 , +10
-36 , +47 , -11 , +10
-36 , +49 , -12 , +10
-35 , +50 , -11 , +10
-34 , +51 , -11 , +10
-35 , +50 , -11 , +10
-34 , +50 , -11 , +10
-33 , +51 , -11 , +11
-33 , +49 , -11 , +09
-33 , +49 , -10 , +11
-31 , +49 , -09 , +11
-30 , +51 , -09 , +12
-30 , +50 , -10 , +13
-29 , +49 , -11 , +12
-31 , +48 , -11 , +12
-32 , +48 , -11 , +13
-30 , +47 , -11 , +14
-29 , +46 , -11 , +13
-29 , +45 , -12 , +14
-28 , +44 , -12 , +14
-28 , +43 , -12 , +12
-27 , +42 , -12 , +11
-26 , +41 , -12 , +11
-26 , +40 , -12 , +10
-25 , +39 , -11 , +11
-24 , +37 , -12 , +14
-23 , +35 , -11 , +13
-22 , +33 , -11 , +13
-21 , +32 , -12 , +12
-20 , +30 , -12 , +11
-19 , +28 , -12 , +12
-19 , +26 , -12 , +12
-17 , +22 , -11 , +13
-15 , +17 , -11 , +13
-14 , +15 , -11 , +13
-13 , +13 , -10 , +13
-12 , +11 , -10 , +13
-11 , +08 , -09 , +13
-10 , +06 , -09 , +10
-09 , +02 , -08 , +13
-08 , +00 , -09 , +14
-07 , -02 , -09 , +15
-07 , -04 , -09 , +16
-06 , -06 , -10 , +16
-03 , -08 , -10 , +16
-02 , -10 , -10 , +16
-01 , -13 , -10 , +17
+00 , -15 , -10 , +18
+02 , -19 , -11 , +19
+04 , -21 , -12 , +20
+05 , -23 , -12 , +21
+06 , -23 , -11 , +21
+07 , -26 , -11 , +21
+08 , -22 , -11 , +21
+10 , -24 , -10 , +21
+10 , -26 , -09 , +23
+11 , -28 , -09 , +23
+12 , -29 , -09 , +23
+14 , -29 , -10 , +23
+15 , -30 , -09 , +24
+16 , -30 , -10 , +24
+17 , -30 , -09 , +23
+17 , -30 , -10 , +23
+18 , -31 , -09 , +22
+19 , -31 , -09 , +22
+20 , -33 , -09 , +21
+22 , -36 , -08 , +20
+23 , -36 , -07 , +19
+25 , -35 , -09 , +20
+25 , -36 , -06 , +20
+26 , -36 , -06 , +21
+27 , -37 , -05 , +20
+27 , -37 , -05 , +20
+28 , -38 , -05 , +20
+28 , -37 , -04 , +18
+29 , -38 , -04 , +17
+30 , -38 , -03 , +15
+30 , -37 , -03 , +14
+31 , -38 , -03 , +13
+31 , -38 , -02 , +12
+31 , -38 , -02 , +10
+32 , -38 , -03 , +08
+33 , -38 , -03 , +05
+33 , -38 , -02 , +04
+34 , -38 , -02 , +03
+34 , -38 , -03 , +02
+35 , -38 , -03 , +02
+35 , -38 , -04 , +01
+35 , -38 , -05 , -01
+34 , -38 , -06 , -02
+35 , -37 , -05 , -03
+35 , -37 , -04 , -03
+35 , -37 , -05 , -05
+36 , -37 , -03 , -06
+36 , -37 , -04 , -07
+36 , -37 , -04 , -07
+36 , -38 , -03 , -08
+36 , -38 , -04 , -08
+37 , -37 , -02 , -09
+38 , -37 , -02 , -09
+38 , -37 , -03 , -10
+37 , -37 , -03 , -10
+37 , -37 , -03 , -10
+37 , -37 , -04 , -10
+37 , -36 , -04 , -09
+37 , -35 , -04 , -09
+37 , -34 , -04 , -08
+37 , -34 , -03 , -08
+37 , -34 , -03 , -08
+37 , -34 , -03 , -08
+37 , -34 , -03 , -08
+36 , -34 , -02 , -08
+37 , -35 , -02 , -07
+37 , -35 , -02 , -07
+37 , -34 , -02 , -07
+37 , -35 , -02 , -04
+37 , -34 , -03 , -02
+37 , -34 , -03 , -02
+37 , -34 , -03 , -02
+38 , -34 , -04 , -03
+38 , -34 , -05 , +00
+38 , -35 , -04 , -02
+38 , -34 , -04 , -02
+38 , -34 , -03 , -03
+38 , -35 , -04 , -03
+38 , -35 , -05 , -04
+38 , -37 , -05 , -05
+38 , -37 , -06 , -05
+38 , -37 , -05 , -05
+38 , -37 , -05 , -05
+38 , -37 , -05 , -06
+38 , -37 , -05 , -06
+38 , -36 , -05 , -06
+38 , -36 , -05 , -06
+38 , -36 , -05 , -06
+38 , -38 , -05 , -04
+38 , -38 , -04 , -05
+38 , -39 , -04 , -05
+38 , -39 , -05 , -04
+39 , -39 , -05 , -05
+39 , -38 , -05 , -05
+39 , -38 , -05 , -06
+39 , -38 , -04 , -07
+39 , -37 , -03 , -07
+39 , -37 , -02 , -08
+39 , -37 , -03 , -09
+39 , -36 , -03 , -09
+39 , -35 , -03 , -10
+40 , -34 , -02 , -10
+40 , -35 , -03 , -11
+39 , -35 , -03 , -12
+39 , -34 , -01 , -12
+39 , -34 , -01 , -13
