+41 , -37 , +35 , -06
+41 , -37 , +34 , -06
+41 , -37 , +34 , -06
+41 , -37 , +34 , -06
+41 , -37 , +34 , -06
+41 , -37 , +34 , -06
+41 , -36 , +34 , -06
+41 , -36 , +34 , -06
+41 , -36 , +29 , -06
+41 , -36 , +30 , -06
+42 , -37 , +30 , -05
+42 , -37 , +30 , -05
+42 , -37 , +29 , -05
+42 , -37 , +29 , -05
+42 , -37 , +30 , -05
+42 , -36 , +29 , -05
+42 , -36 , +29 , -05
+42 , -36 , +29 , -05
+42 , -37 , +29 , -05
+42 , -37 , +30 , -05
+42 , -37 , +30 , -05
+42 , -37 , +30 , -05
+42 , -37 , +30 , -05
+42 , -37 , +29 , -05
+42 , -37 , +29 , -05
+42 , -37 , +29 , -05
+41 , -37 , +28 , -05
+41 , -37 , +28 , -05
+41 , -37 , +28 , -05
+42 , -37 , +29 , -05
+42 , -37 , +28 , -05
+42 , -36 , +28 , -05
+41 , -37 , +28 , -05
+41 , -37 , +27 , -05
+41 , -37 , +28 , -05
+41 , -37 , +28 , -05
+41 , -37 , +28 , -05
+41 , -37 , +28 , -05
+41 , -37 , +28 , -06
+41 , -37 , +28 , -06
+41 , -36 , +29 , -06
+41 , -37 , +29 , -06
+41 , -36 , +28 , -06
+41 , -36 , +29 , -06
+41 , -36 , +28 , -06
+41 , -36 , +28 , -06
+41 , -36 , +29 , -06
+41 , -37 , +29 , -06
+42 , -37 , +30 , -05
+42 , -37 , +30 , -05
+41 , -37 , +30 , -06
+41 , -37 , +30 , -06
+41 , -37 , +30 , -06
+41 , -37 , +30 , -06
+41 , -37 , +29 , -06
+41 , -37 , +29 , -05
+41 , -37 , +29 , -05
+41 , -37 , +29 , -05
+41 , -37 , +29 , -05
+41 , -37 , +29 , -06
+41 , -37 , +29 , -05
+41 , -37 , +29 , -05
+41 , -37 , +28 , -05
+41 , -37 , +28 , -05
+41 , -37 , +29 , -05
+41 , -37 , +30 , -06
+41 , -37 , +29 , -06
+42 , -37 , +29 , -06
+42 , -37 , +29 , -05
+42 , -37 , +25 , -05
+41 , -37 , +25 , -06
+41 , -37 , +25 , -06
+41 , -36 , +26 , -06
+41 , -37 , +26 , -06
+41 , -37 , +26 , -06
+41 , -37 , +27 , -06
+41 , -37 , +27 , -06
+41 , -37 , +27 , -06
+41 , -37 , +27 , -06
+41 , -37 , +28 , -06
+41 , -37 , +24 , -06
+41 , -37 , +24 , -06
+41 , -37 , +24 , -06
+41 , -38 , +24 , -06
+41 , -38 , +24 , -06
+41 , -38 , +25 , -06
+41 , -37 , +24 , -06
+41 , -38 , +25 , -06
+41 , -38 , +25 , -06
+41 , -37 , +25 , -06
+41 , -37 , +25 , -06
+41 , -37 , +25 , -06
+41 , -37 , +24 , -06
+41 , -37 , +25 , -06
+41 , -37 , +25 , -06
+41 , -37 , +25 , -06
+42 , -37 , +26 , -06
+42 , -37 , +27 , -05
+42 , -37 , +27 , -06
+42 , -37 , +27 , -06
+42 , -37 , +27 , -06
+42 , -37 , +28 , -06
+42 , -37 , +28 , -06
+41 , -37 , +28 , -06
+41 , -37 , +23 , -06
+41 , -36 , +23 , -06
+41 , -36 , +24 , -06
+41 , -37 , +23 , -06
+41 , -37 , +24 , -06
+41 , -37 , +26 , -06
+41 , -37 , +26 , -06
+41 , -37 , +22 , -06
+41 , -37 , +24 , -06
+41 , -37 , +25 , -06
+41 , -37 , +20 , -06
+41 , -36 , +16 , -06
+41 , -36 , +17 , -06
+41 , -36 , +18 , -06
+41 , -36 , +19 , -06
+40 , -36 , +19 , -06
+40 , -36 , +20 , -06
+40 , -36 , +21 , -06
+40 , -36 , +21 , -06
+40 , -36 , +22 , -06
+40 , -35 , +22 , -06
+40 , -36 , +21 , -06
+41 , -36 , +23 , -06
+41 , -36 , +24 , -06
+41 , -36 , +24 , -06
+41 , -36 , +25 , -06
+41 , -36 , +25 , -06
+41 , -36 , +25 , -06
+41 , -36 , +24 , -06
+41 , -36 , +24 , -06
+41 , -36 , +24 , -06
+42 , -36 , +24 , -06
+42 , -36 , +24 , -06
+42 , -36 , +24 , -05
+41 , -35 , +24 , -05
+42 , -35 , +25 , -05
+41 , -35 , +25 , -05
+42 , -35 , +25 , -05
+41 , -35 , +25 , -05
+41 , -35 , +26 , -05
+41 , -35 , +27 , -05
+41 , -35 , +25 , -05
+41 , -35 , +25 , -05
+41 , -36 , +24 , -05
+41 , -36 , +23 , -05
+41 , -36 , +24 , -04
+41 , -36 , +24 , -04
+41 , -37 , +24 , -03
+41 , -38 , +22 , -03
+41 , -38 , +21 , -03
+41 , -38 , +20 , -03
+40 , -37 , +20 , -03
+40 , -37 , +20 , -03
+41 , -37 , +18 , -02
+41 , -37 , +18 , -03
+41 , -37 , +18 , -02
+41 , -38 , +16 , -02
+40 , -38 , +15 , -02
+40 , -40 , +15 , -02
+40 , -40 , +15 , -02
+40 , -39 , +14 , -02
+40 , -39 , +14 , -02
+40 , -39 , +15 , -01
+39 , -39 , +15 , -01
+39 , -39 , +15 , -01
+39 , -38 , +15 , -01
+38 , -38 , +15 , +00
+38 , -38 , +15 , +00
+38 , -38 , +16 , +00
+38 , -38 , +14 , +00
+38 , -37 , +14 , +00
+38 , -37 , +14 , +00
+38 , -37 , +14 , +00
+38 , -37 , +14 , +00
+38 , -35 , +15 , +00
+37 , -35 , +14 , +00
+37 , -35 , +12 , +00
+37 , -35 , +11 , +00
+36 , -35 , +10 , +00
+36 , -34 , +10 , +00
+36 , -34 , +08 , +00
+36 , -33 , +07 , +01
+36 , -33 , +08 , +01
+36 , -33 , +07 , +01
+36 , -32 , +08 , +01
+36 , -32 , +08 , +01
+36 , -32 , +08 , +01
+36 , -31 , +07 , +01
+35 , -30 , +02 , +02
+35 , -30 , +01 , +02
+35 , -30 , -01 , +02
+35 , -30 , -05 , +02
+35 , -30 , -05 , +01
+34 , -30 , -07 , +01
+34 , -30 , -08 , +00
+34 , -30 , -09 , +00
+34 , -30 , -10 , -01
+34 , -30 , -09 , -01
+34 , -31 , -08 , -02
+34 , -31 , -08 , -03
+33 , -31 , -08 , -03
+33 , -30 , -07 , -03
+33 , -31 , -07 , -04
+33 , -31 , -06 , -04
+33 , -29 , -06 , -05
+32 , -26 , -03 , -05
+32 , -26 , -03 , -06
+32 , -26 , -03 , -06
+31 , -25 , -02 , -07
+31 , -25 , -01 , -05
+31 , -25 , +00 , -06
+31 , -25 , -01 , -05
+31 , -24 , -01 , -05
+30 , -24 , -01 , -04
+29 , -24 , -01 , -04
+29 , -23 , -01 , -04
+29 , -23 , +00 , -03
+29 , -23 , +00 , -03
+28 , -23 , +04 , -02
+28 , -23 , +04 , -02
+28 , -22 , +04 , -02
+27 , -22 , +04 , -02
+27 , -22 , +05 , -03
+26 , -22 , +05 , -03
+26 , -22 , +02 , -02
+26 , -22 , +03 , -02
+25 , -22 , +03 , -01
+25 , -21 , +04 , +01
+25 , -21 , +05 , +00
+25 , -20 , +04 , -02
+25 , -19 , +05 , +00
+25 , -18 , +04 , +01
+25 , -17 , +04 , +03
+24 , -16 , +04 , +04
+23 , -15 , +03 , +05
+23 , -15 , +04 , +07
+23 , -14 , +03 , +09
+23 , -12 , +04 , +11
+22 , -11 , +06 , +08
+21 , -10 , +04 , +08
+21 , -09 , +05 , +06
+21 , -08 , +05 , +05
+20 , -08 , +05 , +05
+20 , -08 , +03 , +05
+19 , -08 , +05 , +04
+19 , -08 , +06 , +05
+18 , -05 , +06 , +05
+18 , -05 , +08 , +06
+18 , -05 , +08 , +06
+18 , -03 , +09 , +06
+17 , -03 , +11 , +06
+17 , -03 , +13 , +06
+17 , -02 , +12 , +06
+16 , -02 , +12 , +06
+16 , -02 , +12 , +05
+15 , -02 , +12 , +05
+14 , -01 , +15 , +05
+14 , -01 , +15 , +05
+14 , +00 , +15 , +05
+13 , +00 , +15 , +04
+12 , -01 , +19 , +04
+12 , +00 , +18 , +04
+11 , +00 , +17 , +04
+11 , +00 , +17 , +03
+10 , +00 , +15 , +02
+09 , +00 , +15 , +00
+09 , +00 , +15 , -01
+08 , +01 , +15 , -03
+08 , +01 , +15 , -04
+07 , +01 , +15 , -06
+07 , +01 , +14 , -07
+06 , +01 , +13 , -08
+05 , +02 , +12 , -08
+05 , +02 , +13 , -08
+04 , +03 , +13 , -08
+04 , +04 , +13 , -08
+03 , +04 , +13 , -07
+03 , +04 , +13 , -07
+03 , +04 , +13 , -06
+02 , +03 , +14 , -06
+02 , +03 , +14 , -05
+01 , +04 , +13 , -05
+00 , +04 , +13 , -05
+00 , +04 , +13 , -05
-01 , +05 , +12 , -05
-02 , +05 , +12 , -06
-02 , +06 , +12 , -06
-03 , +06 , +12 , -06
-03 , +07 , +08 , -06
-04 , +08 , +07 , -06
-05 , +08 , +08 , -06
-05 , +08 , +09 , -07
-05 , +08 , +10 , -07
-05 , +08 , +10 , -07
-05 , +08 , +12 , -08
-06 , +08 , +13 , -07
-06 , +08 , +16 , -06
-06 , +08 , +16 , -05
-06 , +08 , +19 , -04
-07 , +09 , +21 , -04
-07 , +09 , +21 , -04
-08 , +10 , +21 , -04
-09 , +10 , +20 , -04
-09 , +11 , +20 , -05
-10 , +13 , +19 , -06
-11 , +14 , +18 , -04
-11 , +15 , +18 , -04
-12 , +17 , +17 , -05
-13 , +17 , +16 , -03
-13 , +18 , +16 , -03
-13 , +18 , +15 , -01
-14 , +18 , +14 , +00
-14 , +18 , +13 , +00
-15 , +18 , +13 , +02
-16 , +18 , +13 , +03
-17 , +19 , +13 , +04
-17 , +20 , +13 , +05
-17 , +19 , +14 , +06
-17 , +19 , +15 , +02
-17 , +20 , +15 , +00
-18 , +20 , +15 , -01
-18 , +20 , +15 , -02
-18 , +20 , +16 , -02
-19 , +20 , +15 , -02
-19 , +20 , +15 , -03
-19 , +21 , +15 , -05
-20 , +21 , +15 , -04
-20 , +22 , +16 , -04
-21 , +22 , +14 , -05
-21 , +24 , +12 , -05
-21 , +24 , +10 , -05
-22 , +20 , +09 , -07
-22 , +23 , +09 , -07
-23 , +24 , +09 , -09
-23 , +24 , +09 , -11
-24 , +24 , +08 , -11
-25 , +25 , +08 , -12
-25 , +25 , +07 , -13
-25 , +25 , +07 , -13
-25 , +26 , +07 , -14
-26 , +26 , +06 , -14
-26 , +27 , +06 , -15
-27 , +27 , +05 , -14
-27 , +28 , +05 , -14
-27 , +28 , +06 , -14
-27 , +29 , +06 , -14
-28 , +30 , +07 , -13
-28 , +31 , +07 , -12
-28 , +31 , +07 , -13
-28 , +31 , +07 , -12
-29 , +32 , +07 , -12
-29 , +33 , +07 , -11
-29 , +34 , +07 , -13
-29 , +34 , +08 , -13
-30 , +34 , +07 , -13
-30 , +35 , +07 , -13
-30 , +35 , +07 , -12
-31 , +36 , +09 , -11
-31 , +36 , +10 , -11
-31 , +36 , +09 , -10
-31 , +36 , +08 , -09
-32 , +36 , +07 , -09
-32 , +37 , +05 , -09
-32 , +37 , +06 , -09
-32 , +37 , +08 , -09
-33 , +37 , +08 , -09
-33 , +37 , +07 , -09
-34 , +37 , +08 , -08
-34 , +37 , +10 , -08
-34 , +38 , +11 , -07
-34 , +37 , +11 , -07
-35 , +37 , +10 , -07
-35 , +38 , +10 , -07
-35 , +37 , +11 , -07
-35 , +37 , +09 , -07
-36 , +37 , +08 , -06
-37 , +37 , +07 , -06
-37 , +37 , +06 , -04
-37 , +38 , +06 , -03
-37 , +38 , +07 , -03
-37 , +38 , +08 , -04
-38 , +38 , +08 , -03
-38 , +38 , +08 , -02
-38 , +38 , +09 , -04
-38 , +39 , +10 , -04
-38 , +39 , +11 , -04
-38 , +39 , +12 , -10
-38 , +40 , +11 , -08
-38 , +41 , +10 , -04
-38 , +41 , +09 , -02
-38 , +41 , +08 , -02
-39 , +41 , +09 , -01
-39 , +41 , +09 , +00
-39 , +41 , +08 , +00
-37 , +41 , +09 , +02
-37 , +41 , +09 , +02
-37 , +41 , +08 , +03
-38 , +41 , +09 , +03
-38 , +42 , +09 , +05
-38 , +42 , +09 , +07
-39 , +42 , +09 , +05
-39 , +42 , +10 , +06
-39 , +42 , +10 , +06
-40 , +42 , +09 , +05
-40 , +42 , +09 , +04
-40 , +42 , +09 , +03
-40 , +42 , +08 , +03
-40 , +42 , +09 , +02
-40 , +42 , +08 , +02
-40 , +42 , +08 , +04
-40 , +42 , +08 , +03
-40 , +42 , +08 , +02
-40 , +43 , +09 , +02
-39 , +43 , +09 , +03
-39 , +43 , +09 , +02
-39 , +43 , +09 , +04
-39 , +44 , +09 , +03
-39 , +44 , +10 , +02
-39 , +44 , +10 , +02
-39 , +44 , +11 , +02
-39 , +46 , +10 , +04
-39 , +47 , +10 , +04
-39 , +47 , +11 , +05
-39 , +47 , +11 , +05
-40 , +47 , +11 , +04
-40 , +48 , +11 , +04
-40 , +49 , +12 , +04
-40 , +49 , +12 , +03
-40 , +49 , +12 , +04
-40 , +49 , +11 , +04
-40 , +45 , +12 , +04
-40 , +41 , +12 , +04
-40 , +41 , +12 , +04
-40 , +42 , +13 , +04
-40 , +42 , +13 , +03
-41 , +43 , +14 , +04
-41 , +44 , +14 , +04
-41 , +45 , +13 , +04
-41 , +45 , +13 , +03
-41 , +46 , +13 , +03
-41 , +45 , +13 , +03
-41 , +45 , +13 , +03
-41 , +45 , +13 , +03
-41 , +46 , +13 , +03
-41 , +47 , +12 , +04
-42 , +47 , +12 , +03
-42 , +47 , +11 , +03
-42 , +48 , +10 , +03
-42 , +49 , +10 , +04
-42 , +49 , +10 , +04
-42 , +49 , +10 , +04
-43 , +49 , +10 , +04
-43 , +49 , +10 , +03
-42 , +49 , +11 , +03
-42 , +49 , +11 , +02
-43 , +49 , +11 , +01
-43 , +49 , +11 , +01
-43 , +49 , +11 , +01
-43 , +49 , +11 , +01
-43 , +50 , +11 , +00
-44 , +50 , +11 , +00
-44 , +46 , +11 , +00
-45 , +45 , +11 , -01
-45 , +45 , +11 , -02
-45 , +45 , +11 , -02
-45 , +45 , +11 , -03
-46 , +45 , +12 , -03
-46 , +45 , +12 , -04
-46 , +43 , +11 , -05
-47 , +41 , +11 , -06
-47 , +41 , +11 , -06
-47 , +41 , +10 , -06
-48 , +40 , +10 , -06
-48 , +39 , +11 , -07
-49 , +39 , +10 , -07
-49 , +38 , +10 , -07
-49 , +38 , +11 , -07
-49 , +39 , +11 , -06
-49 , +39 , +11 , -07
-49 , +40 , +11 , -06
-49 , +41 , +11 , -07
-49 , +41 , +10 , -07
-49 , +41 , +11 , -07
-50 , +40 , +11 , -06
-50 , +41 , +10 , -06
-50 , +41 , +10 , -06
-50 , +41 , +11 , -05
-51 , +41 , +11 , -05
-50 , +39 , +11 , -04
-51 , +40 , +11 , -04
-51 , +40 , +11 , -02
-52 , +41 , +11 , -02
-52 , +42 , +10 , -02
-53 , +41 , +11 , -02
-53 , +40 , +11 , -03
-53 , +40 , +10 , -03
-54 , +41 , +11 , -03
-54 , +40 , +11 , -03
-54 , +40 , +11 , -02
-54 , +40 , +11 , -02
-53 , +39 , +10 , -01
-53 , +40 , +11 , -01
-54 , +40 , +11 , -01
-54 , +39 , +11 , -01
-54 , +39 , +10 , -01
-53 , +39 , +11 , -01
-53 , +39 , +11 , -02
-52 , +39 , +11 , -02
-52 , +40 , +11 , -02
-52 , +40 , +11 , -02
-53 , +40 , +11 , -02
-53 , +39 , +11 , -02
-53 , +39 , +11 , -02
-53 , +40 , +11 , -02
-54 , +39 , +10 , -03
-55 , +40 , +11 , -02
-55 , +40 , +11 , -03
-55 , +41 , +11 , -02
-55 , +41 , +11 , -03
-55 , +40 , +11 , -03
-55 , +38 , +11 , -03
-55 , +39 , +10 , -03
-54 , +38 , +11 , -03
-54 , +38 , +11 , -03
-55 , +38 , +10 , -03
-55 , +38 , +10 , +02
-55 , +37 , +10 , +02
-55 , +37 , +10 , +01
-54 , +36 , +10 , +00
-54 , +37 , +10 , -01
-54 , +36 , +10 , -01
-54 , +36 , +10 , -01
-53 , +36 , +10 , -02
-53 , +37 , +10 , -02
-54 , +37 , +09 , -03
-55 , +37 , +09 , -04
-55 , +38 , +09 , -04
-54 , +38 , +09 , -04
-55 , +39 , +09 , -03
-55 , +39 , +09 , -04
-56 , +39 , +10 , -04
-56 , +40 , +10 , -05
-56 , +39 , +10 , -04
-55 , +39 , +10 , -04
-56 , +39 , +10 , -05
-55 , +38 , +10 , -04
-56 , +39 , +10 , -04
-56 , +39 , +11 , -03
-57 , +39 , +11 , -02
-57 , +39 , +11 , -02
-57 , +40 , +11 , -03
-57 , +40 , +11 , -03
-58 , +40 , +11 , -03
-57 , +40 , +12 , -04
-57 , +40 , +12 , -03
-56 , +40 , +12 , -03
-56 , +40 , +12 , -03
-56 , +40 , +12 , -02
-56 , +40 , +12 , +00
-56 , +40 , +12 , -01
-56 , +41 , +12 , -01
-55 , +40 , +12 , -01
-55 , +40 , +12 , -01
-55 , +40 , +12 , -01
-55 , +40 , +13 , -01
-54 , +40 , +13 , -01
-55 , +40 , +12 , -01
-55 , +41 , +12 , -02
-55 , +41 , +12 , -02
-55 , +41 , +11 , -03
-55 , +41 , +11 , -02
-55 , +41 , +11 , -02
-55 , +41 , +10 , -02
-56 , +41 , +11 , -02
-56 , +41 , +11 , -02
-57 , +41 , +10 , -02
-56 , +41 , +11 , -02
-55 , +41 , +11 , -02
-55 , +38 , +11 , -03
-54 , +38 , +11 , -03
-55 , +39 , +11 , -02
-55 , +39 , +10 , -02
-55 , +41 , +11 , -02
-55 , +41 , +11 , -02
-56 , +40 , +11 , -03
-56 , +41 , +11 , -02
-56 , +42 , +11 , -02
-56 , +42 , +11 , +00
-55 , +44 , +11 , -01
-56 , +45 , +12 , -01
-57 , +47 , +12 , -01
-57 , +47 , +12 , -01
-57 , +47 , +12 , -02
-57 , +49 , +11 , -02
-57 , +48 , +12 , -02
-57 , +48 , +12 , -02
-57 , +48 , +12 , -02
-57 , +49 , +12 , -03
-56 , +50 , +12 , -03
-56 , +51 , +12 , -03
-57 , +51 , +12 , -03
-57 , +51 , +12 , -03
-57 , +52 , +12 , -04
-57 , +53 , +11 , -04
-57 , +53 , +11 , -08
-57 , +52 , +10 , -08
-56 , +53 , +10 , -09
-57 , +53 , +09 , -12
-57 , +54 , +09 , -12
-57 , +54 , +08 , -15
-56 , +54 , +09 , -15
-57 , +53 , +09 , -15
-56 , +53 , +08 , -15
-56 , +52 , +08 , -15
-56 , +52 , +09 , -14
-56 , +52 , +08 , -14
-56 , +52 , +07 , -14
-55 , +52 , +06 , -14
-55 , +51 , +06 , -13
-55 , +51 , +06 , -12
-56 , +53 , +05 , -12
-56 , +54 , +06 , -11
-56 , +54 , +06 , -11
-56 , +54 , +06 , -10
-56 , +54 , +05 , -09
-56 , +54 , +05 , -09
-56 , +54 , +05 , -08
-55 , +54 , +04 , -08
-55 , +54 , +03 , -08
-55 , +54 , +03 , -08
-55 , +55 , +02 , -08
-54 , +54 , +01 , -08
-54 , +54 , +02 , -08
-54 , +54 , +01 , -08
-54 , +50 , +00 , -09
-53 , +47 , +00 , -10
-54 , +47 , +00 , -09
-53 , +47 , -03 , -08
-53 , +48 , -04 , -06
-52 , +50 , -04 , -05
-51 , +50 , -06 , -04
-51 , +50 , -07 , -03
-50 , +52 , -07 , -04
-50 , +53 , -08 , -04
-50 , +53 , -08 , -04
-49 , +54 , -09 , -04
-49 , +54 , -09 , -04
-48 , +55 , -10 , -04
-48 , +55 , -11 , -04
-48 , +56 , -11 , -04
-48 , +52 , -12 , -04
-48 , +53 , -12 , -03
-48 , +53 , -14 , -03
-47 , +55 , -15 , -03
-46 , +55 , -16 , -03
-46 , +57 , -17 , -03
-45 , +58 , -18 , -04
-45 , +59 , -18 , -04
-45 , +59 , -19 , -04
-45 , +53 , -20 , -05
-45 , +54 , -20 , -05
-44 , +54 , -20 , -06
-43 , +54 , -21 , -07
-43 , +55 , -21 , -08
-43 , +56 , -21 , -08
-43 , +57 , -21 , -08
-43 , +57 , -22 , -09
-42 , +58 , -22 , -09
-42 , +59 , -22 , -09
-41 , +59 , -24 , -07
-41 , +60 , -24 , -08
-41 , +60 , -25 , -06
-41 , +60 , -25 , -04
-41 , +61 , -26 , -02
-40 , +61 , -26 , +00
-40 , +61 , -27 , +01
-40 , +61 , -27 , -01
-39 , +61 , -27 , +01
-39 , +62 , -27 , +01
-39 , +61 , -28 , +02
-39 , +61 , -28 , +03
-38 , +61 , -28 , +03
-39 , +61 , -29 , +04
-39 , +61 , -29 , +04
-39 , +60 , -29 , +05
-38 , +61 , -29 , +05
-39 , +59 , -30 , +03
-38 , +59 , -30 , +04
-38 , +59 , -31 , +05
-38 , +59 , -31 , +05
-38 , +58 , -31 , +05
-38 , +59 , -31 , +04
-37 , +59 , -31 , +04
-37 , +59 , -32 , +04
-37 , +59 , -32 , +05
-37 , +59 , -32 , +06
-37 , +59 , -32 , +06
-37 , +59 , -32 , +06
-37 , +59 , -32 , +07
-37 , +59 , -33 , +05
-37 , +59 , -33 , +05
-37 , +59 , -33 , +05
-37 , +59 , -33 , +09
-36 , +58 , -33 , +09
-36 , +57 , -33 , +08
-36 , +54 , -33 , +11
-37 , +55 , -33 , +12
-36 , +54 , -33 , +12
-37 , +54 , -34 , +12
-37 , +55 , -34 , +12
-37 , +54 , -34 , +12
-37 , +55 , -34 , +12
-37 , +55 , -34 , +11
-36 , +55 , -34 , +11
-36 , +55 , -34 , +11
-36 , +55 , -34 , +11
-36 , +55 , -34 , +10
-36 , +55 , -34 , +07
-36 , +55 , -34 , +07
-36 , +55 , -34 , +07
-36 , +55 , -34 , +06
-36 , +56 , -34 , +06
-36 , +55 , -34 , +06
-36 , +54 , -35 , +04
-36 , +54 , -35 , +03
-35 , +54 , -35 , +04
-35 , +54 , -35 , +03
-35 , +54 , -35 , +03
-35 , +54 , -35 , +04
-35 , +53 , -35 , +04
-35 , +52 , -35 , +04
-35 , +53 , -35 , +06
-35 , +53 , -35 , +06
-35 , +54 , -35 , +08
-35 , +54 , -35 , +08
-35 , +55 , -35 , +08
-35 , +55 , -35 , +08
-35 , +55 , -35 , +07
-35 , +55 , -35 , +07
-35 , +55 , -36 , +08
-35 , +56 , -35 , +09
-35 , +56 , -35 , +09
-36 , +56 , -35 , +09
-36 , +57 , -35 , +10
-35 , +58 , -36 , +10
-36 , +58 , -35 , +11
-35 , +58 , -35 , +10
-35 , +58 , -35 , +10
-35 , +59 , -35 , +10
-35 , +58 , -35 , +10
-34 , +59 , -35 , +11
-34 , +60 , -35 , +11
-34 , +60 , -35 , +11
-34 , +61 , -35 , +11
-34 , +60 , -35 , +12
-34 , +61 , -35 , +12
-35 , +62 , -35 , +11
-34 , +62 , -35 , +09
-34 , +62 , -35 , +10
-33 , +63 , -35 , +11
-33 , +63 , -35 , +12
-33 , +63 , -35 , +14
-33 , +63 , -35 , +13
-32 , +62 , -36 , +12
-33 , +62 , -35 , +11
-32 , +61 , -35 , +12
-33 , +62 , -35 , +11
-33 , +62 , -35 , +11
-32 , +62 , -35 , +11
-31 , +62 , -35 , +11
-32 , +63 , -35 , +11
-32 , +63 , -35 , +11
-32 , +63 , -35 , +11
-32 , +63 , -35 , +09
-33 , +62 , -35 , +09
-33 , +63 , -34 , +09
-33 , +64 , -34 , +10
-33 , +64 , -34 , +10
-34 , +63 , -34 , +10
-34 , +64 , -34 , +10
-34 , +64 , -34 , +10
-34 , +64 , -34 , +10
-34 , +63 , -34 , +11
-35 , +62 , -34 , +11
-35 , +63 , -34 , +11
-35 , +63 , -34 , +11
-35 , +63 , -33 , +11
-35 , +63 , -34 , +12
-35 , +63 , -33 , +12
-35 , +62 , -33 , +11
-35 , +62 , -32 , +11
-36 , +62 , -32 , +12
-36 , +61 , -32 , +12
-36 , +60 , -31 , +11
-37 , +60 , -31 , +11
-37 , +59 , -31 , +10
-37 , +60 , -31 , +10
-37 , +59 , -31 , +11
-37 , +60 , -32 , +12
-37 , +61 , -32 , +12
-37 , +61 , -32 , +12
-37 , +60 , -32 , +12
-37 , +59 , -31 , +13
-38 , +60 , -31 , +13
-38 , +61 , -31 , +12
-38 , +61 , -31 , +13
-38 , +61 , -32 , +12
-38 , +62 , -31 , +12
-38 , +61 , -31 , +12
-38 , +62 , -30 , +12
-38 , +61 , -29 , +13
-38 , +61 , -29 , +14
-38 , +61 , -30 , +14
-38 , +62 , -30 , +15
-38 , +62 , -29 , +15
-37 , +62 , -30 , +15
-38 , +63 , -30 , +15
-37 , +62 , -29 , +15
-38 , +62 , -30 , +15
-38 , +61 , -29 , +14
-37 , +62 , -29 , +14
-37 , +61 , -29 , +14
-37 , +61 , -29 , +14
-37 , +61 , -28 , +14
-36 , +61 , -29 , +14
-36 , +61 , -28 , +12
-36 , +62 , -27 , +12
-36 , +62 , -28 , +11
-36 , +61 , -27 , +11
-36 , +60 , -28 , +11
-36 , +60 , -27 , +11
-36 , +60 , -27 , +11
-36 , +59 , -27 , +11
-36 , +60 , -26 , +11
-36 , +59 , -26 , +11
-36 , +58 , -25 , +10
-36 , +58 , -26 , +10
-37 , +58 , -26 , +10
-37 , +57 , -27 , +10
-37 , +57 , -28 , +09
-37 , +56 , -27 , +09
-38 , +56 , -27 , +09
-38 , +55 , -27 , +09
-37 , +55 , -26 , +09
-38 , +56 , -26 , +09
-39 , +57 , -27 , +10
-39 , +57 , -28 , +10
-40 , +58 , -27 , +10
-40 , +58 , -26 , +10
-40 , +59 , -26 , +11
-40 , +60 , -25 , +10
-40 , +60 , -25 , +10
-40 , +59 , -26 , +09
-40 , +60 , -25 , +09
-40 , +60 , -25 , +10
-40 , +59 , -24 , +09
-40 , +59 , -24 , +09
-41 , +60 , -23 , +10
-41 , +60 , -23 , +10
-41 , +61 , -22 , +09
-41 , +61 , -23 , +09
-41 , +57 , -23 , +09
-41 , +58 , -23 , +09
-41 , +60 , -23 , +09
-41 , +60 , -23 , +09
-41 , +61 , -22 , +08
-42 , +61 , -22 , +09
-42 , +61 , -19 , +09
-42 , +60 , -18 , +09
-42 , +61 , -17 , +09
-42 , +60 , -16 , +09
-42 , +60 , -16 , +09
-42 , +60 , -16 , +09
-42 , +60 , -16 , +09
-42 , +59 , -17 , +08
-42 , +59 , -18 , +08
-42 , +58 , -21 , +08
-42 , +57 , -21 , +07
-42 , +57 , -23 , +08
-42 , +57 , -22 , +07
-42 , +57 , -23 , +07
-42 , +57 , -23 , +04
-42 , +58 , -23 , +05
-42 , +58 , -22 , +05
-42 , +57 , -22 , +06
-42 , +57 , -23 , +06
-42 , +56 , -23 , +06
-42 , +55 , -23 , +06
-42 , +56 , -23 , +06
-41 , +55 , -24 , +06
-41 , +54 , -24 , +06
-41 , +55 , -23 , +05
-41 , +54 , -22 , +05
-41 , +55 , -21 , +05
-41 , +55 , -20 , +05
-41 , +56 , -19 , +05
-40 , +56 , -20 , +05
-40 , +55 , -19 , +05
-40 , +55 , -20 , +06
-40 , +55 , -20 , +07
-40 , +56 , -19 , +07
-40 , +55 , -20 , +07
-40 , +55 , -20 , +08
-40 , +56 , -15 , +08
-40 , +56 , -15 , +09
-40 , +56 , -16 , +09
-40 , +56 , -16 , +09
-41 , +56 , -16 , +10
-41 , +56 , -17 , +10
-40 , +56 , -17 , +11
-41 , +56 , -18 , +12
-40 , +55 , -19 , +12
-40 , +55 , -20 , +12
-40 , +55 , -19 , +13
-40 , +55 , -20 , +13
-40 , +54 , -21 , +14
-40 , +54 , -22 , +14
-40 , +54 , -22 , +14
-39 , +54 , -22 , +14
-39 , +54 , -23 , +14
-39 , +54 , -23 , +14
-39 , +54 , -23 , +14
-39 , +54 , -23 , +13
-38 , +53 , -23 , +13
-38 , +53 , -23 , +13
-38 , +53 , -23 , +13
-38 , +52 , -24 , +12
-38 , +52 , -23 , +12
-37 , +52 , -23 , +12
-38 , +52 , -19 , +12
-37 , +51 , -21 , +12
-37 , +51 , -21 , +11
-37 , +51 , -22 , +12
-37 , +50 , -22 , +12
-37 , +50 , -23 , +12
-36 , +50 , -22 , +12
-36 , +50 , -18 , +11
-36 , +50 , -18 , +12
-36 , +49 , -19 , +11
-36 , +49 , -19 , +12
-36 , +49 , -19 , +11
-36 , +49 , -19 , +12
-35 , +49 , -19 , +12
-35 , +49 , -20 , +13
-35 , +48 , -20 , +13
-34 , +48 , -19 , +12
-34 , +48 , -19 , +13
-33 , +48 , -20 , +13
-33 , +47 , -20 , +14
-32 , +47 , -20 , +14
-32 , +47 , -19 , +14
-32 , +46 , -20 , +14
-31 , +46 , -21 , +14
-31 , +45 , -21 , +13
-30 , +45 , -22 , +13
-30 , +45 , -18 , +13
-30 , +44 , -19 , +13
-30 , +44 , -15 , +13
-30 , +43 , -15 , +13
-30 , +43 , -13 , +13
-30 , +43 , -13 , +13
-30 , +42 , -14 , +13
-29 , +42 , -14 , +13
-28 , +42 , -17 , +14
-28 , +41 , -17 , +14
-28 , +41 , -17 , +14
-28 , +41 , -16 , +14
-29 , +41 , -15 , +14
-28 , +41 , -14 , +14
-28 , +41 , -14 , +14
-28 , +41 , -14 , +14
-28 , +40 , -15 , +14
-28 , +40 , -15 , +14
-28 , +40 , -16 , +14
-28 , +39 , -16 , +14
-27 , +38 , -16 , +14
-27 , +37 , -16 , +14
-26 , +36 , -17 , +13
-26 , +35 , -17 , +13
-26 , +33 , -17 , +13
-25 , +33 , -17 , +13
-25 , +31 , -18 , +13
-24 , +30 , -17 , +14
-24 , +29 , -17 , +14
-24 , +28 , -17 , +14
-24 , +28 , -17 , +14
-24 , +27 , -17 , +14
-23 , +26 , -17 , +14
-23 , +25 , -16 , +14
-23 , +25 , -15 , +15
-23 , +24 , -13 , +14
-22 , +24 , -13 , +15
-22 , +23 , -13 , +14
-21 , +22 , -13 , +15
-21 , +22 , -13 , +15
-21 , +21 , -14 , +15
-20 , +21 , -14 , +15
-19 , +20 , -13 , +15
-18 , +18 , -13 , +15
-18 , +17 , -16 , +15
-18 , +17 , -16 , +15
-18 , +16 , -17 , +15
-18 , +15 , -16 , +16
-18 , +14 , -17 , +17
-18 , +13 , -17 , +17
-17 , +13 , -17 , +18
-17 , +12 , -16 , +18
-17 , +12 , -16 , +17
-17 , +11 , -16 , +17
-16 , +11 , -16 , +16
-16 , +11 , -17 , +16
-16 , +10 , -16 , +16
-16 , +10 , -15 , +16
-16 , +09 , -15 , +16
-15 , +08 , -15 , +16
-15 , +07 , -16 , +16
-14 , +06 , -16 , +16
-14 , +06 , -16 , +17
-14 , +06 , -13 , +16
-14 , +05 , -14 , +16
-14 , +05 , -15 , +16
-13 , +05 , -14 , +17
-13 , +04 , -13 , +17
-13 , +02 , -11 , +18
-12 , +01 , -10 , +18
-12 , +01 , -09 , +17
-11 , +00 , -10 , +18
-11 , +00 , -12 , +17
-11 , -01 , -07 , +18
-11 , -01 , -09 , +18
-10 , -03 , -13 , +18
-10 , -04 , -16 , +18
-09 , -06 , -19 , +18
-09 , -06 , -20 , +18
-08 , -07 , -22 , +18
-08 , -08 , -24 , +19
-08 , -08 , -26 , +19
-07 , -09 , -26 , +19
-07 , -10 , -26 , +18
-07 , -10 , -27 , +17
-07 , -11 , -27 , +17
-07 , -12 , -27 , +17
-06 , -12 , -27 , +16
-06 , -13 , -26 , +16
-05 , -13 , -26 , +16
-05 , -14 , -26 , +16
-04 , -13 , -21 , +16
-04 , -13 , -21 , +16
-04 , -14 , -21 , +17
-04 , -14 , -21 , +17
-03 , -15 , -21 , +17
-03 , -16 , -20 , +17
-02 , -16 , -20 , +17
-02 , -17 , -20 , +17
-01 , -17 , -20 , +18
-01 , -18 , -20 , +18
-01 , -18 , -19 , +18
+00 , -19 , -18 , +19
+00 , -19 , -16 , +19
+00 , -20 , -12 , +19
+01 , -20 , -12 , +19
+01 , -20 , -11 , +20
+01 , -20 , -12 , +20
+02 , -20 , -12 , +20
+02 , -21 , -09 , +20
+03 , -22 , -07 , +21
+04 , -22 , -06 , +21
+04 , -22 , -06 , +21
+04 , -23 , -05 , +21
+04 , -23 , -05 , +21
+05 , -24 , -04 , +21
+05 , -24 , -04 , +22
+05 , -25 , -04 , +22
+05 , -25 , -04 , +22
+06 , -26 , -04 , +23
+06 , -28 , -05 , +22
+06 , -27 , -05 , +22
+06 , -27 , -05 , +22
+06 , -28 , -05 , +22
+06 , -28 , -04 , +23
+07 , -28 , -07 , +23
+07 , -28 , -09 , +23
+08 , -29 , -10 , +24
+08 , -30 , -09 , +24
+09 , -31 , -09 , +24
+10 , -31 , -08 , +24
+10 , -32 , -06 , +24
+11 , -32 , -05 , +25
+11 , -33 , -06 , +25
+12 , -33 , -07 , +26
+12 , -34 , -09 , +26
+12 , -34 , -11 , +26
+12 , -34 , -10 , +27
+12 , -35 , -11 , +27
+12 , -35 , -10 , +27
+12 , -36 , -10 , +27
+12 , -36 , -09 , +27
+13 , -37 , -10 , +27
+13 , -37 , -11 , +27
+14 , -37 , -13 , +27
+14 , -37 , -13 , +26
+14 , -38 , -13 , +26
+15 , -38 , -14 , +26
+15 , -38 , -15 , +26
+15 , -38 , -14 , +27
+16 , -39 , -15 , +27
+16 , -39 , -15 , +27
+16 , -39 , -15 , +27
+16 , -39 , -15 , +27
+16 , -39 , -15 , +27
+16 , -39 , -14 , +27
+16 , -39 , -14 , +27
+16 , -40 , -14 , +28
+17 , -40 , -14 , +28
+16 , -40 , -15 , +28
+17 , -40 , -15 , +28
+17 , -40 , -15 , +29
+17 , -40 , -14 , +29
+17 , -40 , -13 , +29
+18 , -40 , -14 , +30
+18 , -40 , -15 , +30
+18 , -40 , -11 , +31
+18 , -40 , -12 , +31
+19 , -40 , -12 , +31
+19 , -41 , -11 , +31
+19 , -41 , -11 , +31
+20 , -41 , -10 , +31
+20 , -41 , -09 , +31
+20 , -42 , -09 , +31
+20 , -42 , -09 , +31
+20 , -42 , -09 , +31
+20 , -43 , -08 , +31
+20 , -43 , -10 , +31
+21 , -43 , -11 , +31
+21 , -43 , -09 , +31
+22 , -43 , -09 , +31
+23 , -43 , -09 , +32
+23 , -43 , -07 , +32
+23 , -43 , -07 , +32
+24 , -44 , -06 , +32
+24 , -44 , -04 , +32
+24 , -44 , -03 , +32
+24 , -43 , -05 , +32
+24 , -43 , -05 , +32
+25 , -43 , -04 , +32
+25 , -44 , -05 , +32
+25 , -44 , -05 , +32
+26 , -44 , -08 , +32
+27 , -44 , -11 , +32
+27 , -44 , -10 , +32
+27 , -45 , -09 , +32
+28 , -45 , -10 , +32
+28 , -45 , -10 , +32
+28 , -45 , -08 , +32
+28 , -45 , -07 , +32
+29 , -45 , -07 , +32
+29 , -45 , -06 , +32
+29 , -45 , -05 , +32
+29 , -45 , -05 , +32
+29 , -45 , -04 , +33
+29 , -45 , -03 , +33
+29 , -45 , -02 , +32
+29 , -45 , -05 , +32
+30 , -44 , -07 , +32
+30 , -44 , -10 , +33
+29 , -44 , -09 , +33
+30 , -44 , -09 , +33
+30 , -45 , -06 , +33
+30 , -45 , -03 , +33
+30 , -44 , -02 , +33
+30 , -44 , -02 , +33
+30 , -45 , -01 , +33
+31 , -46 , +00 , +33
+31 , -46 , -04 , +33
+31 , -46 , -03 , +33
+31 , -46 , -02 , +33
+31 , -46 , -02 , +33
+31 , -45 , -02 , +33
+31 , -45 , -02 , +33
+31 , -46 , -01 , +33
+31 , -46 , -01 , +34
+31 , -46 , -02 , +34
+31 , -45 , -01 , +33
+31 , -46 , -05 , +33
+32 , -46 , -05 , +33
+32 , -46 , -04 , +33
+32 , -46 , -04 , +33
+32 , -46 , -03 , +33
+32 , -46 , -05 , +32
+32 , -46 , -04 , +33
+32 , -46 , -04 , +32
+32 , -47 , -07 , +32
+32 , -46 , -07 , +32
+33 , -47 , -06 , +32
+33 , -47 , -05 , +32
+33 , -47 , -05 , +33
+33 , -46 , -05 , +33
+33 , -47 , -05 , +33
+33 , -46 , -04 , +33
+33 , -47 , -06 , +33
+33 , -46 , -02 , +33
+33 , -46 , -06 , +33
+33 , -46 , -05 , +33
+32 , -47 , -04 , +33
+32 , -47 , -04 , +33
+32 , -46 , -07 , +33
+32 , -45 , -07 , +33
+32 , -45 , -06 , +33
+32 , -46 , -07 , +33
+32 , -46 , -07 , +33
+32 , -45 , -07 , +33
+32 , -45 , -05 , +33
+32 , -45 , -06 , +33
+32 , -45 , -06 , +33
+32 , -44 , -06 , +33
+32 , -44 , -06 , +33
+32 , -44 , -05 , +33
+32 , -44 , -05 , +33
+32 , -44 , -04 , +34
+32 , -44 , -05 , +33
+32 , -44 , -04 , +33
+32 , -43 , -03 , +33
+32 , -44 , -03 , +33
+32 , -44 , -03 , +34
+32 , -43 , -06 , +34
+32 , -44 , -07 , +34
+33 , -44 , -07 , +34
+33 , -44 , -07 , +34
+33 , -43 , -03 , +35
+33 , -44 , -03 , +35
+33 , -43 , -02 , +35
+33 , -43 , -02 , +35
+33 , -43 , -02 , +35
+33 , -43 , -03 , +34
+33 , -43 , -02 , +33
+33 , -43 , -01 , +33
+33 , -43 , -02 , +33
+33 , -39 , -01 , +33
+33 , -40 , -02 , +33
+33 , -39 , -01 , +32
+33 , -40 , -01 , +32
+33 , -40 , -01 , +32
+34 , -40 , -01 , +32
+33 , -40 , +00 , +32
+33 , -40 , +00 , +31
+33 , -41 , +02 , +31
+33 , -40 , +03 , +30
+33 , -40 , +05 , +30
+33 , -40 , +03 , +30
+33 , -40 , +01 , +29
+32 , -40 , +01 , +29
+32 , -40 , -01 , +29
+32 , -40 , -01 , +28
+32 , -40 , -03 , +28
+32 , -40 , -03 , +28
+32 , -40 , -01 , +28
+33 , -40 , -03 , +27
+33 , -41 , -02 , +27
+33 , -41 , -03 , +27
+33 , -41 , -02 , +26
+33 , -41 , -01 , +26
+33 , -41 , -03 , +26
+33 , -41 , -01 , +26
+33 , -40 , +00 , +28
+33 , -40 , -01 , +27
+33 , -40 , -04 , +26
+33 , -40 , -04 , +25
+33 , -40 , -04 , +25
+33 , -40 , -04 , +23
+33 , -40 , -04 , +22
+32 , -40 , -03 , +22
+32 , -39 , -02 , +21
+32 , -39 , +01 , +20
+32 , -39 , +02 , +20
+32 , -39 , +04 , +19
+32 , -39 , +04 , +18
+33 , -39 , +03 , +18
+33 , -39 , +01 , +17
+33 , -39 , +00 , +17
+33 , -39 , -01 , +17
+33 , -39 , -03 , +16
+33 , -39 , -04 , +16
+33 , -39 , -05 , +16
+33 , -39 , -03 , +16
+33 , -39 , -03 , +16
+34 , -39 , -03 , +16
+34 , -39 , -03 , +16
+34 , -39 , -03 , +15
+35 , -39 , -04 , +15
+35 , -39 , -04 , +14
+35 , -38 , -04 , +13
+35 , -38 , -04 , +12
+36 , -38 , -04 , +11
+36 , -38 , -03 , +11
+36 , -38 , -03 , +10
+37 , -38 , -03 , +10
+37 , -38 , -03 , +10
+37 , -38 , -03 , +09
+38 , -38 , -03 , +09
+38 , -37 , -03 , +09
+38 , -37 , -04 , +09
+38 , -38 , -05 , +08
+38 , -38 , -04 , +07
+38 , -37 , -03 , +07
+38 , -38 , -02 , +07
+38 , -38 , -03 , +06
+38 , -37 , -04 , +06
+39 , -37 , -05 , +05
+39 , -37 , -04 , +05
+39 , -37 , -03 , +05
+39 , -37 , -04 , +05
+39 , -37 , -03 , +04
+39 , -37 , -03 , +04
+39 , -37 , -04 , +03
+40 , -37 , -04 , +03
+40 , -37 , -06 , +02
+40 , -37 , -05 , +02
+39 , -37 , -06 , +01
+39 , -37 , -05 , +01
+39 , -37 , -06 , +00
+39 , -36 , -07 , +00
+38 , -36 , -07 , -01
+38 , -36 , -07 , -01
+38 , -36 , -07 , -01
+39 , -36 , -08 , -01
+39 , -36 , -08 , -01
+39 , -36 , -08 , -01
+39 , -36 , -08 , -01
+39 , -37 , -08 , -02
+39 , -36 , -08 , -02
+39 , -37 , -08 , -02
+40 , -37 , -09 , -02
+40 , -37 , -09 , -02
+40 , -37 , -09 , -02
+40 , -38 , -08 , -02
+40 , -38 , -08 , -02
+40 , -38 , -07 , -03
+40 , -38 , -06 , -03
+40 , -38 , -06 , -03
+40 , -38 , -06 , -04
+40 , -38 , -06 , -04
+40 , -38 , -06 , -04
+40 , -38 , -07 , -04
+40 , -38 , -07 , -04
+39 , -38 , -06 , -04
+39 , -37 , -06 , -04
+39 , -38 , -07 , -04
+39 , -37 , -06 , -04
+39 , -37 , -06 , -04
+39 , -37 , -07 , -04
+39 , -36 , -07 , -03
+39 , -36 , -07 , -04
+39 , -36 , -08 , -04
+39 , -36 , -09 , -04
+39 , -36 , -08 , -04
+39 , -36 , -09 , -04
+39 , -37 , -08 , -05
+39 , -37 , -08 , -05
+39 , -37 , -07 , -05
+39 , -37 , -06 , -05
+39 , -37 , -07 , -05
+39 , -37 , -06 , -05
+40 , -37 , -07 , -04
+40 , -37 , -07 , -05
+40 , -36 , -08 , -04
+41 , -36 , -06 , -05
+40 , -37 , -07 , -05
+41 , -36 , -06 , -05
+41 , -36 , -07 , -05
+41 , -37 , -08 , -05
+42 , -37 , -09 , -05
+42 , -38 , -08 , -06
+42 , -38 , -08 , -05
+42 , -38 , -09 , -05
+42 , -37 , -09 , -05
+41 , -37 , -10 , -05
+42 , -37 , -10 , -04
+41 , -37 , -10 , -05
+41 , -37 , -11 , -05
+41 , -36 , -11 , -05
+41 , -36 , -10 , -06
+41 , -36 , -11 , -06
+41 , -36 , -11 , -06
+41 , -36 , -12 , -05
+40 , -36 , -13 , -05
+40 , -36 , -13 , -05
+40 , -36 , -14 , -06
+41 , -36 , -14 , -06
+41 , -36 , -14 , -06
+41 , -35 , -13 , -05
+41 , -35 , -11 , -05
+41 , -35 , -12 , -05
+40 , -36 , -11 , -05
+40 , -35 , -10 , -05
+40 , -35 , -10 , -05
+40 , -35 , -09 , -05
+40 , -35 , -10 , -05
+41 , -35 , -10 , -05
+41 , -36 , -09 , -05
+41 , -36 , -10 , -04
+41 , -36 , -10 , -04
+41 , -36 , -08 , -05
+42 , -36 , -09 , -06
+41 , -35 , -08 , -06
+41 , -35 , -06 , -05
+41 , -36 , -06 , -05
+41 , -37 , -06 , -05
+40 , -36 , -06 , -05
+40 , -36 , -07 , -05
+40 , -36 , -06 , -04
+41 , -36 , -07 , -04
+41 , -37 , -06 , -04
+41 , -37 , -07 , -05
+41 , -37 , -06 , -04
+42 , -36 , -05 , -04
+41 , -37 , -03 , -04
+42 , -36 , -04 , -04
+41 , -36 , -05 , -04
+42 , -36 , -05 , -04
+42 , -35 , -06 , -04
+41 , -36 , -07 , -04
+42 , -36 , -08 , -04
+41 , -37 , -10 , -04
+41 , -37 , -10 , -04
+41 , -37 , -09 , -04
+41 , -38 , -10 , -04
+41 , -38 , -11 , -04
+41 , -38 , -11 , -05
+42 , -37 , -11 , -04
+42 , -36 , -11 , -03
+42 , -37 , -11 , -04
+42 , -37 , -10 , -04
+41 , -36 , -10 , -04
+41 , -36 , -11 , -03
+41 , -36 , -10 , -03
+41 , -35 , -10 , -03
+42 , -35 , -10 , -04
+41 , -36 , -07 , -04
+42 , -36 , -07 , -04
+42 , -35 , -07 , -04
+42 , -35 , -07 , -04
+41 , -35 , -08 , -04
+41 , -35 , -07 , -04
+41 , -35 , -06 , -04
+41 , -36 , -06 , -04
+41 , -36 , -07 , -04
+41 , -36 , -07 , -04
+41 , -36 , -07 , -04
+41 , -36 , -07 , -04
+41 , -38 , -08 , -04
+41 , -38 , -09 , -04
+41 , -38 , -11 , -04
+41 , -37 , -12 , -04
+41 , -37 , -12 , -05
+41 , -38 , -14 , -05
+41 , -38 , -15 , -05
+42 , -37 , -16 , -05
+41 , -37 , -17 , -05
+41 , -37 , -18 , -05
+41 , -37 , -16 , -05
+41 , -37 , -15 , -05
+41 , -37 , -13 , -05
+41 , -37 , -13 , -05
