+40 , -37 , +00 , -06
+40 , -38 , -01 , -06
+40 , -38 , +00 , -06
+41 , -38 , -01 , -06
+41 , -38 , -01 , -05
+41 , -38 , +01 , -06
+41 , -38 , +02 , -06
+41 , -39 , +00 , -06
+41 , -38 , -01 , -05
+41 , -39 , -01 , -05
+41 , -38 , -01 , -05
+41 , -38 , -02 , -05
+41 , -38 , -03 , -05
+41 , -38 , -01 , -05
+41 , -38 , -01 , -05
+41 , -38 , -02 , -05
+40 , -37 , -02 , -04
+42 , -39 , -01 , -04
+42 , -40 , -03 , -04
+42 , -39 , -03 , -04
+42 , -39 , -04 , -05
+41 , -39 , -05 , -05
+42 , -39 , -05 , -04
+41 , -39 , -03 , -04
+41 , -40 , -06 , -04
+41 , -39 , -07 , -04
+41 , -39 , -09 , -04
+41 , -39 , -09 , -04
+41 , -38 , -09 , -05
+41 , -38 , -10 , -04
+40 , -38 , -09 , -05
+40 , -38 , -08 , -05
+40 , -38 , -08 , -05
+40 , -39 , -03 , -04
+40 , -38 , -03 , -04
+40 , -36 , -02 , -04
+40 , -37 , -01 , -04
+40 , -36 , +00 , -04
+40 , -37 , -01 , -04
+40 , -37 , -03 , -04
+40 , -37 , -03 , -03
+40 , -37 , -02 , -04
+41 , -37 , -01 , -04
+40 , -36 , -01 , -04
+40 , -36 , +00 , -04
+40 , -37 , +00 , -03
+40 , -36 , +00 , -03
+41 , -37 , +01 , -03
+41 , -37 , +01 , -03
+41 , -37 , +02 , -03
+42 , -37 , +02 , -03
+42 , -38 , +02 , -04
+42 , -38 , +01 , -03
+42 , -37 , +02 , -04
+41 , -38 , +02 , -04
+42 , -38 , +00 , -04
+41 , -38 , +01 , -04
+42 , -37 , +02 , -04
+42 , -37 , +01 , -04
+42 , -38 , +02 , -04
+42 , -38 , +02 , -04
+41 , -38 , +02 , -04
+41 , -38 , +01 , -04
+41 , -38 , +01 , -04
+42 , -38 , +01 , -04
+41 , -37 , +00 , -04
+41 , -37 , +01 , -04
+41 , -37 , +01 , -04
+41 , -37 , +01 , -04
+41 , -37 , +00 , -04
+41 , -37 , +00 , -04
+42 , -37 , -01 , -03
+42 , -36 , +00 , -04
+42 , -36 , +00 , -04
+42 , -36 , +00 , -04
+41 , -36 , +01 , -04
+41 , -36 , +01 , -04
+40 , -35 , +00 , -04
+40 , -35 , +00 , -04
+40 , -36 , -01 , -04
+40 , -36 , +00 , -04
+40 , -35 , +01 , -04
+40 , -36 , +02 , -04
+40 , -35 , +01 , -04
+40 , -35 , +01 , -04
+40 , -35 , +00 , -04
+40 , -35 , +00 , -04
+40 , -36 , -01 , -04
+40 , -36 , -01 , -04
+40 , -36 , +00 , -05
+41 , -36 , +00 , -06
+40 , -36 , +00 , -06
+40 , -36 , +01 , -06
+40 , -36 , +01 , -06
+40 , -36 , +02 , -06
+40 , -36 , +01 , -06
+40 , -36 , +02 , -05
+40 , -36 , +02 , -05
+40 , -36 , +03 , -05
+41 , -36 , +03 , -05
+41 , -36 , +03 , -05
+40 , -36 , +02 , -04
+41 , -36 , +02 , -05
+40 , -36 , +02 , -05
+41 , -37 , +00 , -06
+41 , -37 , +00 , -05
+41 , -37 , +00 , -05
+41 , -36 , -01 , -05
+41 , -36 , +00 , -04
+41 , -36 , -01 , -04
+41 , -37 , -02 , -04
+41 , -37 , -01 , -04
+41 , -36 , -01 , -03
+41 , -36 , -02 , -03
+41 , -36 , -02 , -03
+41 , -36 , -02 , -03
+41 , -36 , -03 , -03
+41 , -36 , -02 , -03
+41 , -36 , -01 , -03
+41 , -36 , +00 , -04
+41 , -36 , +00 , -05
+41 , -36 , +00 , -05
+41 , -35 , +01 , -05
+41 , -36 , -01 , -05
+41 , -37 , +00 , -04
+42 , -37 , +01 , -04
+42 , -37 , +00 , -04
+42 , -36 , -01 , -04
+42 , -36 , -01 , -04
+42 , -36 , +00 , -04
+42 , -36 , -02 , -05
+42 , -37 , -04 , -05
+42 , -36 , -04 , -05
+42 , -37 , -03 , -05
+42 , -37 , -03 , -05
+42 , -37 , -01 , -05
+42 , -37 , -01 , -05
+42 , -37 , +00 , -05
+42 , -37 , +01 , -05
+41 , -37 , +02 , -06
+42 , -37 , +02 , -05
+42 , -37 , +02 , -05
+42 , -38 , +02 , -05
+42 , -37 , +03 , -05
+42 , -37 , +03 , -06
+41 , -37 , +04 , -06
+42 , -37 , +04 , -06
+42 , -37 , +03 , -05
+42 , -37 , +03 , -05
+42 , -37 , +03 , -05
+42 , -37 , +02 , -05
+42 , -37 , +01 , -05
+42 , -37 , -01 , -05
+41 , -37 , -03 , -05
+41 , -37 , -03 , -04
+41 , -37 , -04 , -04
+41 , -37 , -06 , -03
+41 , -37 , -06 , -03
+41 , -37 , -06 , -02
+41 , -37 , -10 , -02
+41 , -37 , -09 , -02
+42 , -37 , -09 , -02
+41 , -36 , -08 , -01
+41 , -36 , -08 , -01
+41 , -36 , -06 , -01
+41 , -35 , -04 , +00
+41 , -35 , -03 , +00
+41 , -36 , -02 , +01
+41 , -36 , -03 , +01
+41 , -36 , -04 , +01
+41 , -36 , -03 , +02
+41 , -36 , -03 , +03
+41 , -36 , -03 , +03
+41 , -36 , -03 , +03
+41 , -37 , -03 , +04
+41 , -37 , -04 , +04
+41 , -37 , -04 , +04
+40 , -37 , -04 , +04
+41 , -37 , -05 , +04
+41 , -38 , -05 , +04
+41 , -38 , -05 , +04
+41 , -38 , -04 , +05
+40 , -38 , -05 , +05
+39 , -38 , -05 , +05
+39 , -38 , -04 , +05
+39 , -39 , -02 , +05
+39 , -39 , +00 , +05
+39 , -39 , +01 , +06
+38 , -39 , +00 , +06
+38 , -40 , -01 , +07
+38 , -39 , -02 , +07
+38 , -40 , -02 , +08
+38 , -40 , -03 , +08
+38 , -40 , -03 , +09
+38 , -40 , -03 , +09
+37 , -40 , -03 , +09
+36 , -39 , -04 , +10
+37 , -39 , -04 , +10
+37 , -39 , -04 , +11
+36 , -38 , -06 , +11
+36 , -39 , -10 , +12
+35 , -38 , -09 , +12
+35 , -38 , -08 , +12
+34 , -38 , -09 , +13
+34 , -39 , -09 , +13
+34 , -39 , -10 , +14
+34 , -39 , -09 , +14
+34 , -39 , -09 , +14
+34 , -39 , -09 , +14
+34 , -39 , -10 , +14
+34 , -39 , -12 , +15
+34 , -40 , -13 , +15
+34 , -40 , -10 , +15
+34 , -40 , -09 , +15
+33 , -40 , -06 , +15
+33 , -41 , -05 , +15
+34 , -40 , -02 , +15
+34 , -41 , -01 , +14
+34 , -41 , +02 , +14
+34 , -41 , +03 , +14
+34 , -41 , +03 , +14
+34 , -41 , +03 , +13
+34 , -41 , +02 , +13
+34 , -41 , +00 , +13
+34 , -41 , -01 , +13
+34 , -41 , -02 , +13
+34 , -41 , -03 , +13
+34 , -41 , -04 , +13
+34 , -41 , -04 , +13
+34 , -42 , -05 , +13
+34 , -41 , -05 , +13
+33 , -41 , -05 , +14
+33 , -41 , -04 , +15
+33 , -41 , -04 , +15
+33 , -41 , -07 , +16
+33 , -41 , -06 , +16
+33 , -41 , -05 , +17
+33 , -41 , -09 , +17
+33 , -41 , -08 , +17
+32 , -41 , -07 , +18
+32 , -41 , -07 , +18
+32 , -42 , -07 , +18
+32 , -42 , -07 , +19
+33 , -42 , -07 , +20
+33 , -43 , -06 , +20
+33 , -43 , -06 , +20
+33 , -44 , -05 , +20
+32 , -44 , -06 , +20
+32 , -44 , -06 , +21
+32 , -43 , -04 , +21
+32 , -43 , -05 , +21
+31 , -44 , -06 , +22
+31 , -44 , -01 , +22
+31 , -44 , -02 , +22
+31 , -45 , -03 , +22
+31 , -45 , -04 , +24
+31 , -45 , -06 , +24
+31 , -45 , -09 , +24
+30 , -45 , -10 , +25
+30 , -45 , -11 , +24
+31 , -45 , -11 , +24
+31 , -45 , -11 , +25
+31 , -45 , -11 , +25
+30 , -45 , -11 , +25
+30 , -45 , -10 , +25
+30 , -45 , -10 , +25
+31 , -45 , -09 , +25
+31 , -45 , -09 , +26
+31 , -44 , -09 , +26
+30 , -44 , -09 , +26
+30 , -44 , -08 , +27
+31 , -44 , -08 , +27
+31 , -44 , -07 , +27
+31 , -44 , -07 , +27
+31 , -44 , -07 , +27
+31 , -44 , -07 , +27
+31 , -44 , -06 , +27
+31 , -44 , -06 , +27
+31 , -44 , -06 , +27
+31 , -44 , -06 , +27
+31 , -44 , -05 , +27
+31 , -44 , -05 , +28
+31 , -44 , -05 , +28
+31 , -44 , -05 , +28
+31 , -44 , -05 , +28
+31 , -44 , -05 , +29
+30 , -44 , -05 , +29
+30 , -44 , -04 , +29
+30 , -44 , -04 , +29
+30 , -44 , -04 , +29
+30 , -44 , -04 , +30
+30 , -44 , -05 , +30
+29 , -44 , -04 , +30
+29 , -44 , -03 , +30
+29 , -44 , -03 , +30
+29 , -44 , -02 , +30
+29 , -44 , -02 , +30
+29 , -44 , -03 , +30
+29 , -44 , -02 , +30
+29 , -44 , -03 , +30
+29 , -43 , -05 , +30
+29 , -44 , -05 , +30
+29 , -44 , -05 , +30
+29 , -44 , -04 , +30
+30 , -44 , -05 , +30
+30 , -43 , -05 , +30
+30 , -43 , -05 , +30
+30 , -43 , -05 , +31
+30 , -42 , -05 , +31
+30 , -43 , -05 , +31
+29 , -42 , -05 , +31
+29 , -42 , -06 , +31
+29 , -42 , -06 , +32
+28 , -42 , -06 , +32
+28 , -41 , -08 , +32
+28 , -41 , -08 , +32
+28 , -42 , -09 , +31
+27 , -42 , -08 , +31
+27 , -42 , -07 , +31
+26 , -42 , -07 , +31
+25 , -42 , -08 , +30
+25 , -41 , -06 , +30
+24 , -41 , -06 , +30
+24 , -41 , -06 , +30
+24 , -41 , -05 , +30
+24 , -41 , -05 , +30
+25 , -41 , -05 , +30
+24 , -41 , -02 , +30
+24 , -41 , -05 , +30
+25 , -40 , -01 , +30
+25 , -40 , -03 , +30
+25 , -40 , -04 , +30
+24 , -40 , -02 , +30
+24 , -41 , -01 , +30
+23 , -41 , -05 , +30
+23 , -40 , -05 , +30
+23 , -40 , -05 , +30
+22 , -40 , -07 , +30
+22 , -41 , -07 , +30
+22 , -41 , -08 , +29
+22 , -41 , -03 , +29
+22 , -42 , -04 , +29
+22 , -41 , -05 , +28
+21 , -41 , -08 , +28
+21 , -41 , -11 , +28
+21 , -41 , -12 , +28
+20 , -41 , -13 , +28
+20 , -41 , -14 , +28
+20 , -41 , -11 , +28
+19 , -42 , -15 , +28
+19 , -43 , -17 , +27
+19 , -42 , -18 , +27
+19 , -42 , -15 , +27
+19 , -42 , -12 , +27
+19 , -43 , -09 , +26
+20 , -42 , -07 , +26
+20 , -41 , -06 , +25
+20 , -41 , -05 , +25
+20 , -41 , -05 , +25
+19 , -41 , -05 , +25
+19 , -41 , -03 , +25
+19 , -42 , -03 , +25
+19 , -41 , -03 , +25
+19 , -41 , -04 , +25
+19 , -40 , -04 , +25
+19 , -39 , -07 , +25
+19 , -39 , -06 , +25
+19 , -38 , -06 , +25
+19 , -37 , -06 , +25
+19 , -37 , -07 , +25
+19 , -38 , -07 , +25
+19 , -38 , -08 , +25
+19 , -38 , -08 , +25
+19 , -38 , -09 , +25
+18 , -37 , -08 , +25
+18 , -36 , -09 , +25
+18 , -36 , -09 , +25
+18 , -36 , -09 , +26
+18 , -35 , -08 , +25
+18 , -34 , -08 , +26
+18 , -34 , -07 , +26
+18 , -34 , -06 , +25
+18 , -32 , -05 , +25
+17 , -32 , -05 , +25
+17 , -32 , -06 , +26
+17 , -31 , -05 , +25
+16 , -31 , -09 , +25
+16 , -29 , -07 , +24
+15 , -28 , -07 , +24
+15 , -27 , -06 , +25
+15 , -26 , -05 , +24
+14 , -25 , -05 , +24
+14 , -25 , -05 , +24
+14 , -24 , -06 , +24
+14 , -23 , -05 , +24
+14 , -23 , -06 , +24
+13 , -22 , -05 , +24
+13 , -22 , -02 , +23
+13 , -21 , -04 , +23
+12 , -21 , -05 , +23
+12 , -21 , -06 , +23
+12 , -20 , -06 , +22
+11 , -20 , -06 , +22
+11 , -19 , -05 , +22
+10 , -18 , -04 , +21
+10 , -17 , -03 , +21
+09 , -17 , -02 , +22
+09 , -16 , -02 , +22
+09 , -16 , -03 , +21
+08 , -15 , -03 , +21
+08 , -14 , -04 , +22
+08 , -14 , -04 , +22
+07 , -14 , -04 , +21
+07 , -13 , -04 , +21
+07 , -13 , -03 , +21
+05 , -12 , -03 , +21
+05 , -11 , -03 , +21
+05 , -11 , -03 , +21
+05 , -09 , -02 , +20
+04 , -09 , -03 , +20
+03 , -08 , -03 , +20
+03 , -07 , -04 , +20
+03 , -06 , -04 , +20
+03 , -06 , -03 , +20
+02 , -05 , -05 , +20
+02 , -04 , -04 , +20
+02 , -04 , -04 , +20
+01 , -03 , -04 , +21
+01 , -03 , -04 , +21
+01 , -02 , -02 , +21
+00 , -02 , -01 , +20
+00 , -01 , +02 , +18
-01 , +00 , +01 , +18
-01 , +00 , +00 , +17
-01 , +01 , +00 , +16
-01 , +01 , -01 , +16
-02 , +02 , -02 , +15
-02 , +03 , -02 , +15
-03 , +04 , -03 , +14
-03 , +04 , -03 , +14
-03 , +04 , -04 , +14
-03 , +04 , -05 , +14
-03 , +05 , -06 , +14
-03 , +06 , -06 , +14
-04 , +07 , -07 , +15
-04 , +07 , -08 , +15
-04 , +07 , -08 , +16
-04 , +08 , -09 , +16
-04 , +08 , -09 , +16
-04 , +09 , -13 , +18
-04 , +10 , -14 , +19
-05 , +10 , -14 , +18
-05 , +11 , -14 , +18
-05 , +12 , -17 , +17
-06 , +13 , -18 , +17
-06 , +13 , -17 , +17
-06 , +14 , -17 , +16
-07 , +14 , -17 , +16
-07 , +15 , -17 , +16
-07 , +15 , -16 , +16
-08 , +16 , -16 , +16
-08 , +17 , -13 , +16
-08 , +17 , -13 , +16
-09 , +18 , -15 , +16
-09 , +19 , -17 , +16
-09 , +19 , -15 , +17
-10 , +21 , -19 , +16
-10 , +21 , -20 , +16
-10 , +22 , -19 , +15
-11 , +23 , -19 , +15
-11 , +25 , -19 , +15
-11 , +26 , -18 , +16
-11 , +26 , -19 , +16
-11 , +27 , -20 , +16
-11 , +28 , -19 , +16
-12 , +28 , -18 , +17
-12 , +29 , -15 , +17
-12 , +29 , -15 , +17
-13 , +30 , -16 , +17
-13 , +31 , -16 , +17
-14 , +31 , -12 , +16
-15 , +32 , -08 , +16
-15 , +32 , -04 , +16
-17 , +33 , -09 , +15
-18 , +33 , -11 , +14
-19 , +34 , -13 , +13
-19 , +34 , -14 , +13
-19 , +34 , -13 , +12
-20 , +35 , -09 , +12
-20 , +35 , -11 , +11
-20 , +35 , -12 , +10
-20 , +35 , -13 , +10
-20 , +36 , -13 , +09
-21 , +36 , -15 , +09
-21 , +37 , -16 , +08
-21 , +37 , -17 , +08
-22 , +37 , -17 , +07
-22 , +38 , -17 , +05
-23 , +39 , -18 , +04
-23 , +40 , -19 , +03
-23 , +40 , -20 , +04
-23 , +40 , -19 , +04
-24 , +41 , -18 , +04
-24 , +41 , -19 , +04
-24 , +41 , -19 , +04
-24 , +42 , -19 , +05
-24 , +42 , -19 , +05
-24 , +42 , -19 , +05
-24 , +43 , -18 , +05
-24 , +43 , -17 , +05
-25 , +44 , -18 , +05
-25 , +44 , -18 , +05
-25 , +44 , -18 , +05
-26 , +44 , -19 , +06
-26 , +45 , -20 , +06
-27 , +45 , -18 , +06
-27 , +46 , -16 , +06
-27 , +46 , -14 , +06
-27 , +46 , -15 , +06
-27 , +46 , -16 , +06
-28 , +46 , -17 , +06
-28 , +47 , -18 , +06
-28 , +47 , -18 , +06
-28 , +47 , -18 , +07
-28 , +47 , -19 , +07
-28 , +47 , -20 , +06
-28 , +48 , -20 , +06
-29 , +48 , -21 , +07
-29 , +48 , -21 , +07
-29 , +48 , -21 , +06
-30 , +49 , -21 , +06
-30 , +49 , -21 , +07
-30 , +51 , -20 , +07
-30 , +51 , -20 , +08
-31 , +51 , -20 , +08
-31 , +51 , -20 , +08
-31 , +51 , -20 , +06
-31 , +50 , -21 , +06
-31 , +50 , -21 , +07
-31 , +49 , -21 , +07
-31 , +48 , -22 , +07
-31 , +49 , -22 , +08
-31 , +49 , -22 , +08
-32 , +49 , -23 , +08
-32 , +49 , -23 , +08
-32 , +49 , -23 , +09
-32 , +49 , -24 , +09
-33 , +49 , -24 , +09
-33 , +50 , -25 , +07
-33 , +50 , -24 , +07
-34 , +50 , -25 , +08
-34 , +51 , -25 , +07
-34 , +52 , -26 , +07
-34 , +52 , -26 , +07
-35 , +53 , -26 , +08
-35 , +50 , -26 , +07
-35 , +51 , -27 , +07
-35 , +47 , -27 , +06
-35 , +47 , -28 , +06
-35 , +49 , -27 , +06
-36 , +48 , -27 , +06
-36 , +49 , -26 , +05
-37 , +49 , -26 , +05
-37 , +50 , -26 , +05
-38 , +51 , -25 , +05
-38 , +54 , -25 , +05
-38 , +54 , -25 , +05
-38 , +55 , -25 , +05
-39 , +56 , -25 , +05
-39 , +57 , -25 , +05
-39 , +58 , -25 , +05
-39 , +59 , -25 , +05
-40 , +60 , -25 , +06
-40 , +60 , -25 , +05
-40 , +60 , -25 , +05
-40 , +60 , -26 , +05
-40 , +60 , -25 , +05
-40 , +60 , -26 , +06
-40 , +61 , -26 , +06
-39 , +60 , -26 , +06
-39 , +60 , -26 , +06
-39 , +59 , -26 , +07
-39 , +59 , -28 , +07
-39 , +60 , -28 , +07
-39 , +59 , -29 , +07
-39 , +60 , -29 , +07
-39 , +60 , -30 , +06
-39 , +61 , -30 , +06
-39 , +60 , -31 , +07
-39 , +59 , -31 , +07
-38 , +59 , -31 , +06
-38 , +60 , -31 , +07
-38 , +59 , -31 , +07
-37 , +59 , -32 , +08
-37 , +59 , -32 , +08
-37 , +59 , -32 , +08
-37 , +59 , -32 , +09
-36 , +58 , -32 , +09
-36 , +59 , -33 , +09
-36 , +60 , -33 , +09
-36 , +61 , -33 , +09
-36 , +60 , -33 , +10
-36 , +60 , -33 , +10
-36 , +58 , -33 , +10
-37 , +58 , -33 , +10
-37 , +58 , -34 , +10
-37 , +53 , -34 , +10
-36 , +53 , -34 , +09
-36 , +54 , -34 , +09
-36 , +55 , -34 , +09
-36 , +55 , -34 , +05
-37 , +55 , -34 , +05
-37 , +54 , -35 , +06
-37 , +54 , -35 , +06
-38 , +54 , -35 , +07
-38 , +54 , -35 , +09
-38 , +53 , -35 , +10
-38 , +53 , -35 , +10
-38 , +53 , -35 , +10
-38 , +54 , -35 , +10
-38 , +53 , -35 , +10
-38 , +52 , -36 , +10
-38 , +51 , -36 , +10
-38 , +50 , -36 , +11
-38 , +50 , -36 , +11
-38 , +49 , -36 , +11
-38 , +48 , -37 , +11
-38 , +47 , -37 , +12
-38 , +47 , -37 , +13
-38 , +47 , -37 , +12
-38 , +48 , -36 , +12
-38 , +47 , -37 , +12
-38 , +46 , -37 , +12
-37 , +47 , -37 , +14
-37 , +47 , -37 , +13
-37 , +48 , -37 , +14
-38 , +48 , -37 , +14
-38 , +48 , -37 , +14
-38 , +47 , -37 , +14
-38 , +46 , -37 , +14
-38 , +47 , -37 , +14
-39 , +46 , -37 , +14
-39 , +46 , -37 , +14
-39 , +45 , -36 , +14
-39 , +47 , -37 , +13
-39 , +48 , -37 , +13
-39 , +48 , -36 , +12
-39 , +51 , -36 , +12
-39 , +48 , -36 , +11
-39 , +48 , -36 , +11
-39 , +49 , -37 , +10
-39 , +51 , -37 , +09
-40 , +51 , -37 , +09
-40 , +52 , -36 , +09
-40 , +51 , -37 , +10
-40 , +50 , -37 , +11
-40 , +52 , -36 , +11
-40 , +51 , -36 , +11
-40 , +50 , -36 , +12
-40 , +52 , -36 , +12
-41 , +52 , -36 , +12
-41 , +51 , -35 , +11
-41 , +51 , -35 , +11
-41 , +52 , -34 , +11
-41 , +53 , -34 , +11
-41 , +53 , -33 , +10
-41 , +52 , -33 , +10
-41 , +52 , -32 , +10
-41 , +52 , -32 , +09
-41 , +52 , -32 , +08
-41 , +51 , -31 , +09
-41 , +48 , -31 , +09
-41 , +45 , -31 , +10
-40 , +44 , -30 , +10
-40 , +43 , -30 , +10
-40 , +43 , -30 , +10
-40 , +44 , -29 , +10
-40 , +45 , -29 , +09
-40 , +45 , -28 , +08
-39 , +47 , -27 , +07
-40 , +47 , -28 , +07
-39 , +47 , -27 , +06
-39 , +47 , -27 , +09
-40 , +47 , -26 , +08
-39 , +46 , -25 , +07
-39 , +49 , -25 , +07
-39 , +51 , -24 , +07
-38 , +51 , -24 , +07
-39 , +52 , -23 , +07
-39 , +52 , -23 , +07
-39 , +53 , -22 , +07
-39 , +52 , -22 , +06
-39 , +54 , -21 , +06
-39 , +53 , -20 , +06
-39 , +52 , -19 , +06
-39 , +53 , -18 , +06
-39 , +53 , -17 , +06
-39 , +55 , -17 , +06
-39 , +56 , -16 , +05
-39 , +56 , -15 , +05
-39 , +53 , -14 , +05
-39 , +52 , -13 , +05
-39 , +52 , -13 , +06
-39 , +52 , -12 , +06
-39 , +51 , -12 , +06
-40 , +52 , -12 , +06
-40 , +53 , -10 , +06
-40 , +54 , -09 , +06
-40 , +52 , -08 , +05
-41 , +53 , -07 , +05
-41 , +52 , -06 , +04
-41 , +52 , -05 , +04
-42 , +52 , -05 , +05
-42 , +52 , -04 , +01
-42 , +52 , -04 , +01
-43 , +53 , -02 , +01
-43 , +53 , -01 , +02
-44 , +52 , +00 , +03
-44 , +51 , +01 , +03
-46 , +51 , +03 , +02
-46 , +50 , +03 , +01
-46 , +52 , +04 , +01
-47 , +53 , +05 , +01
-47 , +53 , +06 , +00
-48 , +53 , +08 , -01
-49 , +53 , +10 , -02
-50 , +52 , +10 , -03
-51 , +52 , +11 , -02
-52 , +52 , +12 , -01
-52 , +52 , +13 , -02
-52 , +48 , +14 , -03
-53 , +49 , +16 , -03
-53 , +48 , +17 , -04
-54 , +44 , +17 , -07
-54 , +42 , +18 , -06
-55 , +42 , +18 , -06
-56 , +42 , +19 , -05
-56 , +43 , +19 , -05
-57 , +42 , +20 , -05
-57 , +44 , +20 , -02
-57 , +44 , +21 , -03
-57 , +45 , +21 , -01
-58 , +45 , +22 , -01
-58 , +46 , +22 , -01
-58 , +47 , +22 , -01
-58 , +46 , +23 , -02
-58 , +48 , +23 , -03
-58 , +49 , +24 , -04
-58 , +49 , +24 , -04
-58 , +50 , +24 , -04
-58 , +50 , +24 , -04
-58 , +51 , +24 , -04
-58 , +51 , +24 , -04
-58 , +51 , +25 , -04
-59 , +52 , +25 , -03
-58 , +52 , +25 , -03
-59 , +51 , +25 , -03
-60 , +51 , +25 , -03
-60 , +52 , +26 , -03
-60 , +46 , +26 , -03
-60 , +45 , +26 , -03
-60 , +45 , +26 , -03
-60 , +45 , +26 , -03
-60 , +46 , +26 , -02
-61 , +46 , +27 , -02
-61 , +46 , +27 , -03
-61 , +46 , +27 , -03
-61 , +46 , +27 , -03
-61 , +47 , +27 , -02
-61 , +49 , +27 , -02
-61 , +50 , +27 , -02
-61 , +49 , +27 , -03
-61 , +49 , +27 , -03
-61 , +50 , +28 , -03
-62 , +49 , +28 , -03
-61 , +49 , +28 , -02
-61 , +49 , +28 , -02
-61 , +49 , +28 , -02
-61 , +50 , +28 , -02
-61 , +50 , +28 , -02
-61 , +50 , +28 , -02
-60 , +50 , +28 , -03
-60 , +50 , +28 , -03
-61 , +51 , +28 , -03
-61 , +52 , +28 , -03
-60 , +53 , +28 , -03
-61 , +52 , +28 , -03
-61 , +52 , +28 , -03
-62 , +52 , +28 , -03
-61 , +51 , +28 , -03
-61 , +51 , +28 , -03
-62 , +51 , +28 , -03
-61 , +50 , +28 , -03
-61 , +50 , +27 , -02
-61 , +48 , +27 , -02
-61 , +48 , +27 , -02
-61 , +48 , +27 , -03
-61 , +48 , +27 , -03
-61 , +48 , +26 , -03
-61 , +47 , +27 , -03
-61 , +47 , +27 , -03
-61 , +47 , +27 , -04
-61 , +48 , +27 , -04
-60 , +49 , +27 , -05
-61 , +48 , +27 , -05
-60 , +48 , +27 , -05
-60 , +42 , +27 , -05
-60 , +44 , +27 , -06
-60 , +45 , +27 , -07
-59 , +45 , +26 , -07
-60 , +46 , +27 , -07
-60 , +46 , +26 , -07
-60 , +46 , +26 , -07
-60 , +47 , +26 , -08
-59 , +48 , +26 , -08
-59 , +48 , +25 , -09
-59 , +48 , +25 , -09
-60 , +48 , +25 , -08
-60 , +48 , +25 , -08
-59 , +48 , +25 , -08
-59 , +49 , +25 , -08
-59 , +49 , +25 , -08
-59 , +49 , +25 , -08
-59 , +49 , +26 , -07
-59 , +50 , +25 , -07
-59 , +50 , +25 , -06
-59 , +51 , +26 , -06
-59 , +51 , +25 , -06
-59 , +51 , +26 , -07
-59 , +51 , +26 , -07
-59 , +52 , +26 , -08
-60 , +52 , +25 , -08
-60 , +52 , +25 , -09
-60 , +52 , +25 , -09
-60 , +53 , +25 , -09
-59 , +53 , +25 , -09
-60 , +52 , +25 , -09
-60 , +52 , +25 , -10
-59 , +52 , +24 , -11
-59 , +52 , +24 , -11
-59 , +51 , +24 , -11
-60 , +51 , +24 , -11
-60 , +51 , +23 , -14
-60 , +50 , +23 , -16
-60 , +51 , +23 , -16
-60 , +50 , +23 , -16
-60 , +50 , +23 , -16
-60 , +49 , +22 , -16
-60 , +50 , +22 , -15
-61 , +49 , +22 , -15
-60 , +49 , +22 , -15
-60 , +49 , +21 , -16
-60 , +49 , +21 , -16
-60 , +50 , +21 , -15
-59 , +50 , +20 , -14
-59 , +51 , +19 , -11
-59 , +50 , +19 , -14
-59 , +50 , +19 , -12
-58 , +49 , +19 , -11
-58 , +49 , +19 , -10
-58 , +49 , +19 , -10
-58 , +49 , +19 , -11
-58 , +48 , +19 , -11
-57 , +48 , +19 , -06
-57 , +49 , +19 , -12
-57 , +49 , +18 , -11
-56 , +49 , +18 , -10
-56 , +50 , +17 , -10
-56 , +50 , +16 , -09
-56 , +51 , +15 , -08
-55 , +51 , +14 , -09
-55 , +51 , +14 , -09
-55 , +51 , +14 , -09
-55 , +51 , +13 , -08
-54 , +50 , +11 , -08
-53 , +51 , +11 , -06
-53 , +51 , +11 , -06
-53 , +51 , +11 , -05
-52 , +51 , +11 , -03
-52 , +51 , +12 , -04
-52 , +51 , +12 , -02
-52 , +51 , +11 , -02
-51 , +51 , +11 , -01
-51 , +51 , +12 , -01
-51 , +51 , +12 , +00
-50 , +50 , +12 , +01
-50 , +50 , +10 , +02
-49 , +49 , +11 , +02
-49 , +48 , +11 , +00
-48 , +48 , +11 , +01
-48 , +47 , +12 , +00
-47 , +47 , +11 , +01
-47 , +47 , +11 , +02
-47 , +46 , +11 , +01
-47 , +47 , +10 , +01
-46 , +47 , +10 , -01
-46 , +47 , +10 , +00
-46 , +46 , +10 , +01
-45 , +45 , +11 , +01
-45 , +45 , +11 , +00
-45 , +45 , +10 , -02
-44 , +45 , +10 , -02
-43 , +45 , +09 , -04
-43 , +45 , +09 , -05
-43 , +45 , +09 , -06
-43 , +45 , +09 , -06
-43 , +44 , +08 , -07
-42 , +44 , +08 , -07
-42 , +44 , +07 , -09
-42 , +44 , +07 , -09
-42 , +43 , +07 , -10
-41 , +42 , +07 , -10
-41 , +42 , +08 , -10
-41 , +43 , +09 , -10
-41 , +44 , +09 , -10
-41 , +43 , +09 , -09
-41 , +43 , +10 , -07
-41 , +43 , +12 , -08
-41 , +43 , +12 , -09
-41 , +43 , +12 , -07
-41 , +43 , +12 , -06
-42 , +43 , +13 , -05
-42 , +43 , +12 , -04
-42 , +43 , +13 , -04
-42 , +42 , +12 , -03
-42 , +42 , +12 , +00
-41 , +42 , +11 , -01
-41 , +42 , +10 , -01
-41 , +42 , +11 , +00
-41 , +42 , +10 , +00
-41 , +41 , +10 , -01
-41 , +40 , +09 , -01
-41 , +40 , +10 , -02
-40 , +40 , +11 , -02
-40 , +40 , +11 , -02
-40 , +39 , +15 , -03
-40 , +39 , +14 , -03
-40 , +39 , +14 , -03
-40 , +39 , +14 , -03
-40 , +39 , +14 , -03
-40 , +39 , +14 , -03
-40 , +40 , +14 , -03
-40 , +39 , +13 , -03
-40 , +39 , +13 , -03
-40 , +41 , +13 , -03
-40 , +41 , +13 , -02
-40 , +41 , +13 , -02
-40 , +40 , +12 , -02
-40 , +40 , +12 , -03
-40 , +40 , +12 , -04
-40 , +39 , +11 , -05
-40 , +38 , +09 , -05
-39 , +35 , +08 , -06
-39 , +34 , +07 , -07
-39 , +34 , +07 , -07
-39 , +33 , +06 , -07
-39 , +33 , +07 , -07
-39 , +33 , +06 , -07
-38 , +32 , +06 , -08
-38 , +31 , +07 , -08
-38 , +30 , +07 , -09
-38 , +29 , +07 , -09
-37 , +28 , +07 , -09
-37 , +27 , +05 , -09
-37 , +26 , +05 , -09
-37 , +26 , +05 , -10
-37 , +25 , +05 , -11
-37 , +24 , +06 , -11
-37 , +24 , +03 , -10
-36 , +23 , +00 , -09
-35 , +22 , -01 , -10
-35 , +21 , +00 , -10
-34 , +20 , +00 , -13
-34 , +20 , +01 , -14
-33 , +19 , +02 , -17
-32 , +20 , +02 , -17
-32 , +19 , +03 , -16
-32 , +22 , +03 , -15
-31 , +22 , +03 , -14
-31 , +21 , +03 , -13
-30 , +20 , +04 , -13
-30 , +18 , +04 , -13
-30 , +18 , +04 , -12
-29 , +17 , +05 , -11
-28 , +16 , +05 , -10
-26 , +13 , +06 , -08
-26 , +13 , +05 , -10
-25 , +12 , +06 , -09
-24 , +12 , +05 , -09
-24 , +11 , +06 , -08
-23 , +11 , +09 , -08
-22 , +11 , +10 , -06
-22 , +11 , +10 , -06
-22 , +11 , +11 , -06
-21 , +10 , +11 , -05
-20 , +10 , +11 , -04
-20 , +09 , +11 , -04
-19 , +08 , +10 , -04
-19 , +07 , +09 , -03
-18 , +07 , +09 , -03
-18 , +07 , +09 , -02
-17 , +05 , +09 , -02
-17 , +04 , +08 , -02
-16 , +04 , +09 , -02
-16 , +05 , +08 , -01
-16 , +05 , +08 , -02
-15 , +06 , +08 , -03
-14 , +06 , +08 , -03
-14 , +06 , +09 , -04
-13 , +06 , +09 , -04
-13 , +05 , +09 , -04
-12 , +06 , +09 , -04
-12 , +05 , +09 , -03
-12 , +05 , +09 , -03
-11 , +04 , +09 , -02
-11 , +04 , +08 , -02
-10 , +04 , +08 , -02
-10 , +04 , +07 , -01
-09 , +03 , +08 , -01
-08 , +02 , +07 , -01
-08 , +02 , +07 , -01
-07 , +01 , +06 , -01
-07 , +01 , +06 , -01
-07 , +00 , +07 , -01
-06 , +00 , +06 , -02
-06 , +00 , +06 , -03
-05 , -01 , +07 , -02
-05 , -02 , +08 , -03
-04 , -02 , +09 , -02
-03 , -03 , +09 , -01
-03 , -03 , +09 , +00
-02 , -03 , +09 , +00
-01 , -03 , +07 , -01
-01 , -04 , +07 , +00
-01 , -04 , +07 , +00
+01 , -05 , +05 , +00
+02 , -06 , +05 , +00
+03 , -06 , +04 , +00
+03 , -07 , +03 , +00
+03 , -07 , +03 , +00
+04 , -07 , +04 , +00
+05 , -08 , +05 , +00
+06 , -08 , +05 , +01
+06 , -09 , +04 , +00
+06 , -09 , +04 , -01
+07 , -10 , +05 , -02
+08 , -11 , +05 , -03
+09 , -11 , +05 , -06
+09 , -12 , +05 , -07
+10 , -13 , +05 , -07
+11 , -14 , +07 , -07
+12 , -15 , +07 , -06
+13 , -16 , +07 , -05
+14 , -17 , +07 , -05
+14 , -17 , +07 , -04
+15 , -18 , +06 , -04
+16 , -19 , +06 , -06
+17 , -20 , +07 , -06
+17 , -20 , +07 , -06
+18 , -20 , +08 , -07
+19 , -21 , +08 , -07
+20 , -21 , +08 , -07
+20 , -22 , +08 , -07
+21 , -23 , +07 , -08
+22 , -23 , +07 , -08
+22 , -23 , +07 , -08
+23 , -24 , +05 , -08
+24 , -25 , +06 , -07
+24 , -25 , +05 , -08
+25 , -25 , +05 , -09
+26 , -23 , +05 , -10
+26 , -23 , +04 , -10
+27 , -23 , +04 , -10
+28 , -24 , +04 , -09
+29 , -24 , +05 , -10
+29 , -25 , +04 , -10
+30 , -26 , +04 , -10
+30 , -27 , +04 , -11
+30 , -28 , +03 , -11
+31 , -28 , +03 , -11
+31 , -29 , +03 , -11
+31 , -30 , +03 , -12
+32 , -30 , +03 , -12
+33 , -30 , +03 , -13
+34 , -31 , +03 , -12
+34 , -31 , +03 , -13
+35 , -31 , +02 , -13
+35 , -31 , +03 , -13
+36 , -31 , +03 , -13
+36 , -32 , +02 , -13
+37 , -32 , +02 , -13
+37 , -33 , +01 , -13
+37 , -32 , +01 , -14
+37 , -33 , +01 , -14
+38 , -33 , +01 , -14
+38 , -33 , +01 , -14
+38 , -33 , +01 , -14
+38 , -34 , +01 , -14
+39 , -34 , +01 , -14
+39 , -34 , +01 , -14
+39 , -34 , +01 , -14
+39 , -34 , +01 , -14
+39 , -34 , +00 , -14
+40 , -35 , +00 , -14
+40 , -34 , +00 , -14
+40 , -34 , -01 , -14
+40 , -34 , -01 , -14
+40 , -34 , -02 , -14
+40 , -35 , -03 , -14
+40 , -35 , -01 , -14
+40 , -35 , -01 , -14
+40 , -36 , -01 , -14
+40 , -36 , -01 , -15
+41 , -36 , -01 , -15
+41 , -36 , -01 , -15
+41 , -36 , -01 , -15
+41 , -36 , +00 , -15
+41 , -36 , +00 , -15
+41 , -37 , +01 , -15
+42 , -36 , +00 , -15
+42 , -36 , +00 , -15
+42 , -36 , -01 , -16
+42 , -36 , -03 , -16
+42 , -37 , -02 , -16
+42 , -36 , -03 , -16
+42 , -36 , -01 , -16
+42 , -36 , -01 , -16
+42 , -35 , +00 , -16
+42 , -35 , +02 , -16
+42 , -35 , +02 , -16
+43 , -35 , +02 , -16
+43 , -36 , +03 , -16
+43 , -35 , +04 , -16
+43 , -35 , +05 , -16
+43 , -35 , +05 , -16
+43 , -35 , +05 , -16
+43 , -35 , +06 , -16
+43 , -35 , +06 , -16
+43 , -35 , +05 , -16
+43 , -35 , +06 , -16
+43 , -35 , +06 , -16
+43 , -35 , +06 , -16
+43 , -35 , +06 , -15
+43 , -35 , +06 , -15
+43 , -35 , +06 , -15
+43 , -35 , +06 , -15
+43 , -35 , +07 , -15
+43 , -35 , +07 , -15
+43 , -36 , +04 , -15
+43 , -34 , +04 , -15
+43 , -34 , +04 , -15
+43 , -34 , +04 , -15
+43 , -35 , +03 , -15
+44 , -34 , +02 , -15
+43 , -35 , +00 , -14
+43 , -34 , -01 , -15
+44 , -34 , -01 , -15
+44 , -33 , -02 , -16
+44 , -32 , -01 , -16
+43 , -31 , +00 , -16
+43 , -30 , +01 , -16
+43 , -30 , +01 , -16
+44 , -29 , +02 , -17
+43 , -28 , +02 , -17
+43 , -26 , +05 , -17
+43 , -26 , +07 , -17
+43 , -25 , +09 , -17
+43 , -24 , +08 , -18
+42 , -21 , +09 , -18
+41 , -20 , +10 , -18
+40 , -20 , +10 , -20
+40 , -19 , +10 , -20
+39 , -18 , +10 , -20
+33 , -18 , +10 , -20
+28 , -17 , +10 , -20
+28 , -17 , +11 , -21
+26 , -17 , +11 , -21
+25 , -16 , +10 , -21
+21 , -16 , +10 , -21
+19 , -16 , +10 , -21
+19 , -16 , +11 , -21
+19 , -16 , +11 , -21
+18 , -15 , +11 , -22
+19 , -15 , +12 , -22
+19 , -15 , +11 , -22
+20 , -15 , +12 , -22
+15 , -15 , +12 , -22
+13 , -15 , +12 , -22
+11 , -15 , +11 , -22
+10 , -14 , +13 , -22
+09 , -14 , +13 , -22
+07 , -14 , +15 , -22
+06 , -14 , +15 , -21
+05 , -09 , +14 , -23
+09 , -10 , +13 , -23
+07 , -10 , +09 , -23
+06 , -10 , +07 , -23
+05 , -10 , +04 , -23
+05 , -11 , +05 , -23
+08 , -11 , +06 , -23
+08 , -12 , +06 , -23
+08 , -13 , +06 , -23
+09 , -14 , +07 , -23
+05 , -15 , +06 , -22
+05 , -15 , +06 , -22
+09 , -16 , +06 , -22
+09 , -16 , +07 , -22
+09 , -17 , +07 , -22
+10 , -18 , +07 , -21
+12 , -18 , +07 , -21
+13 , -19 , +07 , -21
+15 , -20 , +09 , -21
+17 , -22 , +09 , -20
+18 , -23 , +09 , -19
+20 , -25 , +09 , -18
+21 , -26 , +08 , -17
+19 , -27 , +08 , -17
+20 , -28 , +08 , -16
+21 , -29 , +07 , -16
+22 , -29 , +07 , -15
+23 , -30 , +06 , -14
+24 , -30 , +05 , -13
+24 , -30 , +04 , -12
+25 , -30 , +04 , -12
+25 , -31 , +03 , -11
+27 , -32 , +03 , -11
+27 , -32 , +02 , -10
+29 , -32 , +04 , -10
+30 , -33 , +04 , -09
+33 , -34 , +04 , -08
+35 , -34 , +04 , -07
+36 , -34 , +03 , -07
+37 , -36 , +03 , -07
+38 , -36 , +04 , -06
+38 , -37 , +04 , -06
+39 , -37 , +05 , -06
+39 , -38 , +06 , -05
+39 , -38 , +06 , -05
+39 , -38 , +06 , -04
+39 , -38 , +05 , -04
+39 , -39 , +05 , -04
+39 , -39 , +06 , -03
+40 , -39 , +06 , -03
+40 , -39 , +06 , -03
+40 , -39 , +11 , -02
+40 , -39 , +11 , -02
+40 , -39 , +10 , -02
+40 , -39 , +10 , -02
+40 , -39 , +11 , -02
+40 , -39 , +10 , -02
+40 , -40 , +10 , -01
+41 , -40 , +09 , -01
+41 , -40 , +08 , -01
+41 , -40 , +05 , -01
+41 , -40 , +05 , -01
+41 , -40 , +05 , -01
+41 , -40 , +05 , -01
+41 , -41 , +04 , +00
+41 , -41 , +04 , +00
+42 , -41 , +05 , +00
+42 , -41 , +04 , +00
+42 , -41 , +03 , +01
+42 , -41 , +02 , +01
+42 , -41 , +01 , +01
+41 , -41 , +01 , +01
+41 , -40 , +00 , +01
+41 , -40 , -01 , +01
+41 , -40 , -02 , +01
+41 , -40 , -03 , +01
+41 , -41 , -03 , +01
+41 , -41 , -04 , +01
+42 , -41 , -04 , +01
+42 , -41 , -04 , +01
+42 , -41 , -05 , +01
+42 , -41 , -05 , +01
+42 , -41 , -04 , +01
+42 , -41 , -04 , +01
+42 , -41 , -03 , +01
+43 , -41 , -03 , +01
+43 , -41 , -04 , +01
+43 , -41 , -04 , +01
+43 , -42 , -03 , +01
+43 , -42 , -03 , +01
+43 , -42 , -02 , +02
+43 , -38 , -03 , +02
+43 , -34 , -03 , +02
+43 , -34 , -03 , +02
+42 , -34 , -04 , +02
+43 , -34 , -04 , +02
+43 , -34 , -04 , +02
+42 , -34 , -03 , +02
