+42 , -36 , -11 , -14
+42 , -35 , -11 , -14
+41 , -36 , -10 , -14
+40 , -36 , -10 , -15
+40 , -36 , -10 , -15
+41 , -36 , -11 , -15
+41 , -38 , -11 , -15
+41 , -38 , -11 , -15
+41 , -38 , -11 , -16
+40 , -38 , -09 , -16
+41 , -38 , -09 , -16
+41 , -39 , -09 , -16
+41 , -39 , -10 , -16
+41 , -39 , -12 , -16
+41 , -39 , -15 , -16
+41 , -39 , -14 , -17
+41 , -39 , -14 , -16
+40 , -39 , -16 , -16
+41 , -39 , -16 , -16
+41 , -39 , -17 , -16
+41 , -39 , -16 , -16
+40 , -39 , -16 , -16
+40 , -39 , -16 , -16
+39 , -38 , -13 , -16
+40 , -38 , -12 , -16
+39 , -38 , -11 , -16
+39 , -38 , -12 , -16
+39 , -38 , -12 , -16
+39 , -38 , -10 , -15
+39 , -38 , -10 , -15
+39 , -38 , -09 , -16
+39 , -39 , -09 , -16
+40 , -39 , -08 , -16
+39 , -39 , -07 , -16
+39 , -39 , -07 , -16
+38 , -39 , -06 , -15
+38 , -38 , -05 , -15
+38 , -38 , -05 , -15
+38 , -38 , -07 , -14
+38 , -38 , -08 , -14
+38 , -37 , -09 , -15
+39 , -37 , -10 , -15
+40 , -37 , -11 , -15
+40 , -37 , -10 , -15
+40 , -37 , -10 , -15
+40 , -39 , -09 , -15
+40 , -38 , -10 , -15
+39 , -38 , -10 , -15
+39 , -39 , -10 , -16
+39 , -40 , -10 , -16
+40 , -39 , -11 , -16
+39 , -39 , -10 , -15
+39 , -39 , -10 , -16
+39 , -39 , -10 , -16
+39 , -39 , -09 , -16
+39 , -39 , -09 , -16
+39 , -39 , -10 , -16
+39 , -38 , -09 , -17
+39 , -38 , -08 , -17
+39 , -39 , -09 , -17
+39 , -39 , -08 , -17
+39 , -39 , -08 , -17
+39 , -39 , -09 , -17
+39 , -39 , -09 , -17
+40 , -39 , -08 , -17
+40 , -39 , -07 , -17
+40 , -38 , -08 , -17
+40 , -39 , -08 , -17
+41 , -38 , -08 , -17
+41 , -39 , -09 , -17
+41 , -39 , -09 , -17
+41 , -39 , -08 , -17
+41 , -39 , -09 , -17
+40 , -39 , -08 , -17
+41 , -39 , -08 , -17
+41 , -39 , -10 , -16
+41 , -39 , -09 , -16
+41 , -39 , -10 , -16
+41 , -39 , -10 , -16
+42 , -38 , -11 , -16
+42 , -38 , -11 , -16
+42 , -38 , -11 , -16
+41 , -38 , -11 , -17
+41 , -38 , -11 , -16
+42 , -38 , -12 , -16
+42 , -38 , -13 , -16
+42 , -38 , -12 , -16
+43 , -38 , -12 , -16
+43 , -38 , -11 , -16
+43 , -38 , -12 , -16
+44 , -37 , -13 , -16
+43 , -38 , -12 , -16
+43 , -38 , -12 , -15
+43 , -38 , -11 , -15
+43 , -38 , -11 , -15
+43 , -39 , -10 , -15
+43 , -39 , -10 , -15
+43 , -38 , -10 , -15
+43 , -38 , -10 , -15
+43 , -38 , -09 , -15
+45 , -38 , -10 , -16
+45 , -38 , -09 , -16
+45 , -38 , -10 , -16
+44 , -38 , -10 , -16
+44 , -38 , -11 , -16
+44 , -37 , -12 , -16
+44 , -37 , -11 , -16
+43 , -37 , -11 , -17
+44 , -37 , -10 , -17
+44 , -37 , -11 , -17
+44 , -37 , -11 , -17
+44 , -37 , -11 , -17
+43 , -37 , -10 , -16
+44 , -37 , -11 , -16
+44 , -37 , -11 , -16
+44 , -37 , -11 , -16
+43 , -37 , -11 , -16
+43 , -37 , -12 , -16
+43 , -37 , -11 , -16
+43 , -37 , -12 , -16
+43 , -39 , -12 , -16
+44 , -39 , -11 , -16
+43 , -41 , -12 , -16
+44 , -44 , -09 , -16
+44 , -44 , -10 , -16
+43 , -43 , -11 , -16
+44 , -43 , -11 , -16
+44 , -43 , -10 , -16
+44 , -43 , -11 , -16
+44 , -43 , -11 , -16
+43 , -43 , -10 , -16
+44 , -43 , -09 , -16
+43 , -43 , -11 , -16
+43 , -43 , -10 , -17
+43 , -45 , -11 , -17
+43 , -45 , -12 , -17
+42 , -46 , -13 , -17
+42 , -46 , -15 , -17
+43 , -46 , -15 , -17
+43 , -45 , -14 , -17
+43 , -44 , -14 , -17
+43 , -43 , -12 , -18
+43 , -43 , -12 , -18
+43 , -42 , -15 , -17
+43 , -42 , -14 , -18
+43 , -41 , -13 , -18
+43 , -41 , -15 , -18
+43 , -41 , -15 , -18
+43 , -40 , -14 , -18
+43 , -40 , -13 , -18
+43 , -40 , -12 , -18
+44 , -40 , -11 , -19
+43 , -40 , -10 , -19
+43 , -40 , -10 , -19
+43 , -41 , -09 , -18
+44 , -40 , -07 , -18
+44 , -41 , -07 , -18
+44 , -41 , -06 , -18
+43 , -41 , -05 , -18
+44 , -40 , -03 , -18
+44 , -40 , -02 , -18
+43 , -39 , -02 , -18
+43 , -39 , -01 , -18
+43 , -38 , -01 , -18
+43 , -38 , -01 , -18
+43 , -38 , -01 , -18
+43 , -37 , +00 , -17
+42 , -39 , -01 , -17
+42 , -38 , -01 , -17
+42 , -37 , +00 , -17
+41 , -39 , -01 , -16
+41 , -38 , -01 , -16
+41 , -37 , -01 , -16
+41 , -36 , -01 , -16
+41 , -36 , -01 , -16
+41 , -35 , -01 , -16
+41 , -35 , -02 , -16
+41 , -30 , -03 , -16
+41 , -30 , -03 , -16
+40 , -30 , -03 , -15
+41 , -30 , -02 , -15
+40 , -29 , -02 , -13
+40 , -28 , -01 , -12
+40 , -27 , -01 , -12
+40 , -26 , -01 , -12
+40 , -26 , -01 , -12
+39 , -24 , -02 , -13
+39 , -22 , +02 , -12
+38 , -22 , +02 , -12
+38 , -21 , +03 , -11
+38 , -21 , +03 , -11
+37 , -20 , +04 , -12
+37 , -20 , +03 , -11
+37 , -19 , +04 , -12
+37 , -19 , +04 , -12
+37 , -19 , +04 , -11
+37 , -18 , +04 , -11
+36 , -19 , +04 , -09
+36 , -19 , +05 , -06
+36 , -17 , +04 , -07
+36 , -17 , +03 , -08
+35 , -16 , +00 , -09
+35 , -15 , -01 , -09
+35 , -14 , -03 , -10
+34 , -13 , -03 , -09
+34 , -12 , -04 , -10
+33 , -11 , -04 , -10
+33 , -11 , -05 , -10
+32 , -10 , -05 , -11
+32 , -09 , -05 , -11
+32 , -08 , -05 , -11
+32 , -08 , -05 , -11
+32 , -08 , -05 , -10
+31 , -07 , -05 , -10
+30 , -07 , -07 , -11
+29 , -06 , -03 , -11
+29 , -05 , -01 , -10
+28 , -04 , +00 , -09
+27 , -03 , +01 , -09
+27 , -03 , +01 , -08
+26 , -02 , +02 , -07
+25 , -02 , +02 , -07
+25 , -01 , +02 , -06
+24 , -01 , +03 , -04
+24 , +01 , +02 , -05
+24 , +01 , +03 , -06
+23 , +01 , +03 , -08
+22 , +02 , +03 , -06
+21 , +03 , +03 , -03
+21 , +04 , +02 , -02
+20 , +05 , +02 , -03
+19 , +06 , +02 , -04
+19 , +07 , +02 , -04
+18 , +09 , +01 , -05
+16 , +10 , +02 , -06
+15 , +11 , +02 , -06
+14 , +11 , +02 , -05
+14 , +11 , +03 , -03
+13 , +13 , +04 , -03
+12 , +14 , +04 , -02
+11 , +15 , +04 , -02
+10 , +15 , +03 , -01
+09 , +16 , +04 , -01
+09 , +17 , +05 , -01
+08 , +17 , +06 , -02
+07 , +17 , +07 , -01
+06 , +18 , +07 , -02
+05 , +18 , +08 , -03
+04 , +19 , +09 , -03
+04 , +19 , +09 , -03
+03 , +19 , +10 , -03
+02 , +19 , +10 , -04
+01 , +22 , +09 , -04
+01 , +22 , +09 , -05
+00 , +22 , +09 , -05
+00 , +23 , +09 , -05
-01 , +23 , +10 , -06
-01 , +25 , +10 , -06
-02 , +26 , +11 , -06
-02 , +27 , +11 , -06
-03 , +28 , +13 , -06
-03 , +28 , +13 , -06
-04 , +29 , +12 , -05
-04 , +29 , +12 , -05
-04 , +30 , +13 , -05
-05 , +30 , +14 , -06
-06 , +29 , +13 , -06
-06 , +31 , +13 , -05
-07 , +31 , +13 , -05
-08 , +33 , +12 , -06
-09 , +33 , +11 , -06
-09 , +33 , +11 , -05
-10 , +33 , +10 , -03
-10 , +33 , +08 , -02
-10 , +34 , +07 , -03
-10 , +36 , +08 , -03
-11 , +36 , +08 , -04
-11 , +36 , +09 , -04
-12 , +34 , +10 , -05
-13 , +35 , +11 , -06
-13 , +34 , +11 , -06
-13 , +33 , +11 , -05
-14 , +33 , +11 , -06
-14 , +34 , +10 , -06
-15 , +34 , +09 , -07
-15 , +36 , +09 , -07
-16 , +36 , +09 , -07
-17 , +38 , +08 , -08
-18 , +38 , +08 , -08
-19 , +38 , +08 , -09
-20 , +34 , +08 , -09
-21 , +35 , +08 , -09
-22 , +32 , +09 , -13
-23 , +27 , +09 , -13
-24 , +29 , +09 , -13
-25 , +30 , +09 , -14
-26 , +31 , +09 , -14
-27 , +28 , +08 , -14
-28 , +24 , +08 , -14
-28 , +25 , +08 , -14
-29 , +25 , +08 , -13
-30 , +26 , +09 , -13
-30 , +21 , +09 , -13
-32 , +23 , +10 , -14
-32 , +24 , +11 , -15
-33 , +27 , +11 , -15
-34 , +27 , +11 , -15
-34 , +29 , +11 , -15
-35 , +30 , +11 , -14
-34 , +30 , +11 , -14
-35 , +32 , +11 , -14
-36 , +33 , +11 , -14
-36 , +32 , +11 , -15
-37 , +34 , +11 , -14
-38 , +35 , +11 , -14
-38 , +36 , +11 , -14
-39 , +36 , +11 , -13
-39 , +37 , +11 , -12
-39 , +38 , +11 , -11
-41 , +39 , +11 , -11
-41 , +39 , +11 , -09
-42 , +40 , +11 , -08
-42 , +40 , +11 , -08
-42 , +40 , +12 , -09
-42 , +40 , +12 , -09
-42 , +40 , +12 , -09
-42 , +40 , +12 , -09
-43 , +40 , +12 , -09
-44 , +41 , +13 , -10
-44 , +41 , +13 , -10
-44 , +37 , +13 , -10
-44 , +38 , +13 , -10
-44 , +40 , +14 , -11
-44 , +41 , +15 , -11
-45 , +42 , +15 , -11
-45 , +43 , +16 , -12
-45 , +44 , +16 , -12
-46 , +45 , +16 , -13
-46 , +45 , +16 , -13
-47 , +45 , +16 , -13
-47 , +45 , +17 , -14
-48 , +45 , +17 , -15
-48 , +46 , +16 , -15
-50 , +46 , +17 , -15
-50 , +46 , +16 , -17
-51 , +46 , +16 , -17
-50 , +46 , +17 , -16
-51 , +48 , +17 , -15
-52 , +47 , +17 , -14
-53 , +49 , +17 , -15
-55 , +52 , +17 , -15
-55 , +52 , +16 , -14
-54 , +52 , +17 , -14
-55 , +53 , +16 , -16
-55 , +53 , +16 , -17
-55 , +52 , +16 , -19
-56 , +52 , +15 , -18
-56 , +51 , +15 , -14
-56 , +51 , +14 , -10
-56 , +51 , +14 , -09
-52 , +51 , +14 , -06
-53 , +50 , +14 , -06
-53 , +51 , +13 , -05
-54 , +47 , +13 , -05
-53 , +48 , +13 , -06
-52 , +51 , +12 , -06
-51 , +52 , +12 , -06
-51 , +53 , +12 , -06
-51 , +53 , +11 , -06
-52 , +52 , +11 , -05
-52 , +53 , +11 , -04
-52 , +53 , +10 , -02
-53 , +54 , +10 , -02
-53 , +54 , +09 , -03
-53 , +54 , +08 , -02
-53 , +54 , +08 , -02
-54 , +52 , +07 , -02
-55 , +52 , +07 , -03
-55 , +52 , +06 , -03
-54 , +53 , +05 , -03
-54 , +50 , +05 , -02
-53 , +49 , +04 , -02
-56 , +51 , +02 , -04
-55 , +52 , +01 , -04
-54 , +51 , +00 , -04
-55 , +48 , +00 , -04
-55 , +49 , -01 , -04
-54 , +50 , -02 , -04
-55 , +51 , -02 , -04
-55 , +52 , -04 , -02
-55 , +53 , -04 , -03
-55 , +54 , -04 , -01
-54 , +54 , -05 , +01
-54 , +54 , -05 , +00
-55 , +52 , -06 , +00
-56 , +53 , -06 , +00
-55 , +55 , -07 , -01
-54 , +54 , -07 , -01
-54 , +43 , -09 , -01
-54 , +45 , -10 , -01
-54 , +45 , -10 , -01
-54 , +46 , -11 , -01
-54 , +47 , -11 , +00
-53 , +49 , -11 , -01
-53 , +49 , -12 , +03
-52 , +48 , -13 , +02
-53 , +48 , -13 , +02
-53 , +49 , -13 , +05
-53 , +49 , -14 , +03
-53 , +50 , -14 , +01
-52 , +50 , -14 , -01
-52 , +53 , -14 , -04
-52 , +52 , -14 , -03
-53 , +51 , -15 , -03
-53 , +51 , -15 , -03
-53 , +50 , -16 , -02
-52 , +51 , -16 , -02
-53 , +51 , -16 , -02
-53 , +45 , -17 , -02
-52 , +39 , -17 , -03
-51 , +40 , -17 , -05
-50 , +40 , -17 , -08
-50 , +39 , -18 , -10
-51 , +38 , -18 , -10
-50 , +40 , -18 , -10
-49 , +40 , -19 , -10
-49 , +40 , -19 , -10
-48 , +42 , -19 , -09
-48 , +41 , -20 , -10
-47 , +40 , -20 , -11
-47 , +40 , -20 , -12
-47 , +40 , -20 , -12
-47 , +40 , -20 , -12
-46 , +41 , -20 , -12
-45 , +41 , -20 , -12
-45 , +43 , -19 , -11
-44 , +39 , -19 , -11
-44 , +40 , -19 , -09
-44 , +40 , -18 , -07
-44 , +41 , -18 , -07
-44 , +42 , -17 , -06
-43 , +43 , -17 , -04
-43 , +43 , -16 , -03
-43 , +43 , -16 , -02
-42 , +44 , -16 , -01
-42 , +45 , -15 , +00
-41 , +46 , -16 , +01
-41 , +47 , -15 , +04
-40 , +47 , -15 , +04
-40 , +46 , -15 , +04
-40 , +46 , -16 , +05
-39 , +45 , -16 , +06
-39 , +45 , -16 , +07
-39 , +39 , -16 , +08
-38 , +38 , -16 , +08
-38 , +39 , -16 , +09
-38 , +40 , -16 , +09
-38 , +41 , -16 , +09
-38 , +42 , -16 , +09
-38 , +42 , -16 , +10
-38 , +44 , -16 , +11
-38 , +42 , -16 , +12
-38 , +40 , -17 , +11
-37 , +40 , -17 , +11
-37 , +44 , -16 , +11
-37 , +41 , -16 , +10
-37 , +41 , -16 , +09
-37 , +41 , -16 , +08
-37 , +41 , -15 , +07
-37 , +42 , -15 , +07
-37 , +43 , -15 , +07
-36 , +43 , -16 , +06
-36 , +42 , -14 , +04
-36 , +44 , -14 , +04
-35 , +43 , -14 , +04
-35 , +43 , -15 , +04
-35 , +44 , -15 , +04
-34 , +44 , -14 , +04
-34 , +45 , -14 , +04
-33 , +46 , -13 , +05
-32 , +44 , -13 , +05
-32 , +43 , -12 , +05
-33 , +43 , -12 , +05
-33 , +42 , -11 , +04
-33 , +41 , -12 , +06
-32 , +43 , -10 , +06
-32 , +41 , -10 , +07
-32 , +39 , -11 , +07
-32 , +40 , -12 , +06
-31 , +37 , -12 , +06
-31 , +39 , -13 , +07
-31 , +39 , -13 , +07
-31 , +41 , -13 , +07
-31 , +42 , -13 , +07
-31 , +43 , -13 , +07
-31 , +43 , -14 , +08
-30 , +40 , -14 , +08
-30 , +40 , -15 , +09
-29 , +40 , -14 , +11
-29 , +41 , -15 , +12
-28 , +40 , -15 , +12
-28 , +35 , -16 , +12
-28 , +34 , -15 , +11
-27 , +34 , -14 , +11
-27 , +34 , -14 , +11
-26 , +34 , -15 , +12
-26 , +35 , -14 , +12
-26 , +35 , -14 , +12
-26 , +36 , -13 , +12
-25 , +38 , -12 , +15
-25 , +38 , -12 , +16
-25 , +39 , -11 , +16
-25 , +36 , -11 , +17
-24 , +34 , -11 , +17
-24 , +37 , -10 , +15
-24 , +35 , -09 , +16
-23 , +37 , -09 , +16
-23 , +36 , -10 , +16
-23 , +37 , -10 , +15
-23 , +36 , -09 , +12
-23 , +37 , -09 , +11
-23 , +37 , -08 , +11
-23 , +35 , -08 , +11
-23 , +35 , -07 , +10
-23 , +37 , -08 , +10
-23 , +37 , -08 , +10
-22 , +37 , -09 , +10
-22 , +37 , -10 , +09
-22 , +38 , -10 , +10
-22 , +37 , -10 , +12
-22 , +37 , -11 , +13
-22 , +39 , -11 , +09
-22 , +41 , -10 , +06
-22 , +43 , -09 , +07
-21 , +41 , -10 , +08
-21 , +40 , -10 , +08
-20 , +39 , -10 , +08
-20 , +40 , -10 , +09
-20 , +39 , -10 , +09
-20 , +39 , -10 , +10
-20 , +38 , -09 , +11
-20 , +38 , -08 , +11
-20 , +37 , -08 , +12
-19 , +37 , -08 , +13
-20 , +36 , -07 , +13
-19 , +35 , -08 , +12
-19 , +34 , -08 , +13
-19 , +34 , -08 , +12
-19 , +33 , -08 , +10
-18 , +32 , -08 , +09
-18 , +30 , -10 , +08
-18 , +30 , -11 , +08
-18 , +29 , -11 , +09
-17 , +28 , -11 , +09
-17 , +26 , -11 , +10
-17 , +28 , -11 , +09
-17 , +27 , -11 , +10
-17 , +27 , -11 , +12
-17 , +25 , -11 , +14
-17 , +21 , -10 , +14
-16 , +20 , -11 , +15
-16 , +18 , -11 , +14
-15 , +17 , -10 , +14
-14 , +15 , -10 , +15
-14 , +14 , -11 , +16
-14 , +13 , -11 , +15
-14 , +10 , -10 , +16
-14 , +09 , -11 , +16
-14 , +07 , -11 , +16
-13 , +06 , -11 , +16
-13 , +05 , -12 , +15
-13 , +03 , -13 , +15
-13 , +03 , -13 , +14
-13 , +02 , -12 , +14
-12 , +01 , -11 , +14
-12 , -01 , -11 , +14
-12 , -01 , -10 , +13
-11 , -04 , -09 , +12
-11 , -05 , -08 , +12
-10 , -08 , -10 , +11
-09 , -09 , -08 , +12
-09 , -09 , -09 , +13
-09 , -11 , -10 , +15
-09 , -14 , -10 , +17
-09 , -15 , -12 , +16
-09 , -16 , -12 , +16
-08 , -17 , -13 , +17
-08 , -18 , -14 , +17
-08 , -19 , -14 , +17
-07 , -20 , -15 , +18
-06 , -21 , -15 , +18
-06 , -22 , -15 , +18
-06 , -23 , -15 , +18
-05 , -23 , -16 , +18
-05 , -25 , -15 , +19
-05 , -26 , -16 , +18
-04 , -28 , -15 , +18
-03 , -29 , -14 , +18
-03 , -29 , -13 , +17
-03 , -30 , -13 , +18
-02 , -31 , -12 , +18
-02 , -33 , -11 , +18
-01 , -34 , -11 , +19
-01 , -35 , -10 , +19
+00 , -35 , -10 , +18
+00 , -36 , -10 , +18
+01 , -36 , -09 , +17
+01 , -37 , -08 , +17
+01 , -39 , -07 , +17
+01 , -39 , -06 , +17
+02 , -40 , -06 , +16
+02 , -41 , -07 , +16
+03 , -42 , -06 , +16
+02 , -44 , -06 , +16
+03 , -45 , -06 , +16
+03 , -46 , -06 , +15
+03 , -46 , -08 , +15
+03 , -46 , -09 , +16
+03 , -45 , -09 , +17
+04 , -45 , -09 , +17
+04 , -45 , -09 , +17
+05 , -46 , -08 , +17
+05 , -46 , -08 , +17
+06 , -46 , -08 , +17
+06 , -46 , -08 , +17
+06 , -46 , -08 , +18
+07 , -46 , -09 , +18
+08 , -46 , -09 , +18
+08 , -46 , -08 , +19
+09 , -47 , -09 , +19
+10 , -46 , -09 , +20
+10 , -45 , -09 , +20
+11 , -45 , -10 , +21
+12 , -46 , -10 , +21
+12 , -46 , -11 , +20
+13 , -46 , -11 , +20
+13 , -44 , -12 , +20
+14 , -44 , -12 , +20
+15 , -44 , -13 , +21
+15 , -43 , -13 , +22
+16 , -43 , -14 , +22
+16 , -44 , -14 , +22
+16 , -44 , -15 , +22
+17 , -46 , -15 , +23
+18 , -45 , -15 , +23
+19 , -44 , -14 , +24
+19 , -45 , -14 , +24
+19 , -45 , -14 , +24
+20 , -46 , -14 , +24
+19 , -45 , -13 , +24
+19 , -44 , -13 , +24
+20 , -43 , -12 , +24
+20 , -43 , -12 , +24
+20 , -43 , -11 , +24
+22 , -43 , -10 , +24
+22 , -43 , -10 , +25
+22 , -44 , -10 , +25
+23 , -44 , -10 , +25
+23 , -44 , -10 , +25
+23 , -43 , -09 , +26
+24 , -44 , -09 , +26
+24 , -45 , -09 , +26
+24 , -45 , -08 , +26
+25 , -45 , -08 , +26
+25 , -45 , -07 , +26
+25 , -46 , -08 , +27
+25 , -42 , -08 , +27
+25 , -43 , -07 , +28
+25 , -43 , -08 , +28
+26 , -43 , -08 , +28
+26 , -43 , -07 , +27
+26 , -44 , -07 , +26
+27 , -44 , -08 , +26
+27 , -44 , -09 , +26
+27 , -44 , -09 , +26
+27 , -44 , -10 , +26
+27 , -43 , -10 , +26
+29 , -42 , -09 , +27
+29 , -41 , -09 , +26
+29 , -41 , -09 , +27
+30 , -41 , -08 , +27
+30 , -41 , -08 , +27
+30 , -41 , -07 , +27
+31 , -40 , -08 , +27
+31 , -40 , -08 , +27
+31 , -40 , -07 , +26
+32 , -39 , -07 , +26
+32 , -40 , -02 , +26
+32 , -39 , -04 , +25
+33 , -39 , -02 , +25
+34 , -39 , -02 , +25
+34 , -39 , -02 , +25
+35 , -41 , -02 , +25
+35 , -41 , -02 , +24
+35 , -40 , -03 , +22
+35 , -40 , -04 , +22
+35 , -39 , -04 , +21
+35 , -40 , -03 , +20
+35 , -40 , -02 , +19
+35 , -39 , -03 , +18
+37 , -39 , -03 , +18
+37 , -39 , -02 , +19
+37 , -39 , -02 , +18
+37 , -39 , -02 , +18
+37 , -38 , -02 , +17
+37 , -38 , -02 , +17
+38 , -38 , -01 , +17
+40 , -38 , +00 , +17
+40 , -39 , -02 , +16
+40 , -39 , -01 , +17
+39 , -38 , -01 , +16
+38 , -38 , +00 , +15
+38 , -37 , -01 , +14
+39 , -37 , +00 , +13
+39 , -39 , -01 , +13
+40 , -36 , -02 , +12
+40 , -31 , -03 , +11
+40 , -31 , -04 , +11
+40 , -31 , -03 , +10
+41 , -31 , -04 , +09
+40 , -31 , -03 , +08
+41 , -30 , -03 , +07
+40 , -30 , -04 , +06
+40 , -30 , -05 , +04
+41 , -30 , -06 , +04
+40 , -31 , -07 , +03
+40 , -31 , -07 , +03
+40 , -29 , -07 , +02
+41 , -27 , -07 , +02
+40 , -27 , -07 , +01
+41 , -28 , -09 , +01
+40 , -28 , -09 , +00
+40 , -28 , -09 , +00
+41 , -28 , -09 , -01
+41 , -28 , -09 , -02
+41 , -28 , -09 , -02
+41 , -28 , -09 , -02
+40 , -30 , -10 , -02
+40 , -30 , -10 , -02
+40 , -30 , -10 , -03
+40 , -29 , -10 , -03
+40 , -30 , -10 , -03
+39 , -29 , -11 , -03
+39 , -29 , -11 , -04
+39 , -29 , -10 , -05
+39 , -29 , -09 , -06
+39 , -26 , -11 , -06
+40 , -27 , -09 , -06
+40 , -27 , -09 , -07
+40 , -27 , -08 , -07
+40 , -27 , -06 , -08
+41 , -28 , -05 , -08
+41 , -28 , -07 , -07
+41 , -28 , -09 , -07
+41 , -30 , -09 , -07
+41 , -30 , -11 , -07
+40 , -30 , -10 , -08
+40 , -30 , -10 , -08
+40 , -30 , -11 , -08
+41 , -30 , -12 , -08
+40 , -28 , -13 , -09
+41 , -29 , -13 , -09
+41 , -29 , -12 , -09
+42 , -29 , -12 , -09
+41 , -29 , -12 , -10
+42 , -29 , -13 , -10
+41 , -29 , -12 , -10
+41 , -30 , -11 , -10
+42 , -30 , -10 , -11
+41 , -30 , -11 , -11
+41 , -30 , -10 , -11
+41 , -32 , -08 , -11
+41 , -33 , -09 , -11
+41 , -33 , -09 , -11
+40 , -33 , -08 , -12
+40 , -32 , -08 , -12
+40 , -32 , -07 , -12
+40 , -32 , -07 , -12
+40 , -30 , -09 , -12
+40 , -30 , -09 , -12
+40 , -30 , -09 , -12
+40 , -29 , -09 , -12
+40 , -29 , -09 , -12
+40 , -29 , -11 , -12
+40 , -31 , -11 , -12
+40 , -31 , -11 , -12
+40 , -31 , -11 , -12
+40 , -31 , -10 , -12
+40 , -30 , -10 , -13
+40 , -29 , -10 , -14
+40 , -28 , -09 , -13
+40 , -27 , -09 , -13
+39 , -28 , -09 , -13
+39 , -27 , -09 , -14
+39 , -28 , -08 , -14
+39 , -26 , -07 , -14
+39 , -26 , -06 , -15
+39 , -26 , -06 , -15
+39 , -26 , -07 , -15
+38 , -26 , -07 , -15
+38 , -27 , -07 , -15
+39 , -27 , -06 , -15
+39 , -27 , -05 , -15
+39 , -27 , -04 , -15
+39 , -27 , -04 , -15
+40 , -28 , -04 , -15
+41 , -28 , -04 , -15
+41 , -28 , -05 , -14
+40 , -28 , -05 , -15
+40 , -28 , -03 , -15
+40 , -28 , -04 , -16
+40 , -28 , -05 , -16
+41 , -28 , -04 , -16
+40 , -28 , -05 , -16
+40 , -28 , -05 , -15
+40 , -28 , -05 , -15
+40 , -28 , -06 , -16
+41 , -28 , -06 , -16
+41 , -28 , -06 , -16
+41 , -28 , -06 , -16
+41 , -29 , -06 , -16
+41 , -28 , -06 , -16
+41 , -28 , -07 , -16
+42 , -27 , -07 , -16
+42 , -27 , -07 , -16
+43 , -27 , -08 , -16
+43 , -27 , -07 , -16
+42 , -28 , -05 , -17
+42 , -28 , -06 , -17
