+01 , -05 , +11 , +00
+01 , -05 , +11 , +00
+01 , -05 , +12 , +00
+01 , -05 , +10 , +00
+01 , -05 , +10 , +00
+01 , -05 , +10 , +00
+01 , -05 , +09 , +00
+00 , -05 , +09 , +00
+00 , -06 , +05 , +00
+01 , -06 , +03 , +00
+01 , -06 , -01 , +00
+01 , -06 , -01 , +00
+01 , -06 , +00 , +01
+01 , -05 , +00 , +00
+01 , -06 , +01 , +00
+01 , -06 , +02 , +00
+01 , -06 , +02 , +00
+01 , -06 , +03 , +00
+00 , -06 , +03 , +00
+00 , -06 , +03 , +00
+00 , -06 , +04 , +00
+00 , -06 , +05 , +00
+00 , -06 , +05 , +00
+00 , -06 , +08 , +00
+01 , -06 , +05 , +00
+01 , -06 , +06 , +00
+01 , -06 , +08 , +00
+01 , -07 , +10 , +01
+01 , -06 , +10 , +00
+01 , -06 , +10 , +00
+01 , -06 , +10 , +00
+01 , -06 , +10 , +00
+01 , -06 , +10 , +01
+01 , -06 , +11 , +01
+01 , -05 , +10 , +01
+01 , -05 , +10 , +00
+01 , -05 , +10 , +00
+00 , -05 , +09 , +00
+01 , -05 , +08 , +00
+00 , -05 , +06 , +00
+00 , -05 , +05 , +00
+00 , -05 , +04 , +00
+00 , -05 , +06 , +00
+00 , -04 , +07 , +00
+00 , -04 , +08 , +00
+01 , -05 , +09 , +00
+01 , -04 , +07 , +00
+00 , -04 , +08 , +00
+01 , -04 , +07 , +00
+01 , -05 , +04 , +00
+00 , -04 , +06 , +00
+00 , -04 , +08 , +00
+00 , -04 , +10 , -01
+00 , -05 , +11 , -01
+00 , -04 , +09 , -01
+01 , -04 , +07 , -01
+00 , -04 , +07 , +00
+01 , -04 , +06 , +00
+00 , -04 , +06 , +00
+00 , -04 , +07 , -01
+00 , -04 , +06 , +00
+00 , -04 , +05 , -01
+00 , -04 , +04 , -01
+00 , -04 , +04 , -01
+00 , -04 , +04 , -01
+00 , -04 , +05 , -01
-01 , -04 , +04 , -01
-01 , -04 , +04 , -01
-01 , -04 , +04 , -01
+00 , -04 , +04 , -01
+00 , -04 , +04 , -01
+00 , -04 , +01 , -01
+00 , -04 , +02 , -01
+00 , -04 , +03 , -01
+00 , -04 , +03 , -01
+00 , -04 , +04 , -01
+00 , -04 , +07 , -01
-01 , -04 , +08 , +00
-01 , -04 , +10 , +00
-01 , -05 , +10 , +00
-01 , -05 , +10 , +00
+00 , -04 , +10 , +01
+00 , -04 , +10 , +01
+00 , -04 , +06 , +02
+00 , -04 , +06 , +01
+00 , -04 , +10 , +01
+00 , -04 , +11 , +01
+00 , -04 , +10 , +01
+00 , -04 , +11 , +02
+00 , -04 , +14 , +03
+00 , -04 , +14 , +03
+00 , -04 , +14 , +04
+00 , -04 , +13 , +00
+00 , -04 , +13 , -04
+00 , -04 , +13 , -03
+00 , -04 , +12 , -01
+00 , -04 , +15 , -05
+00 , -04 , +14 , -04
+00 , -04 , +13 , -04
+00 , -04 , +18 , -03
+00 , -04 , +17 , -03
+00 , -04 , +17 , -03
+00 , -04 , +17 , -03
+00 , -04 , +17 , -03
+00 , -04 , +19 , -03
+00 , -04 , +19 , -03
+00 , -04 , +18 , -04
+00 , -05 , +18 , -03
+00 , -05 , +17 , -04
+00 , -05 , +20 , -03
+00 , -06 , +19 , -03
+00 , -06 , +19 , -03
+00 , -06 , +18 , -04
+00 , -06 , +17 , -03
+00 , -06 , +16 , -03
+00 , -06 , +15 , -03
+00 , -02 , +14 , -03
+00 , -01 , +14 , -03
+00 , -02 , +17 , -03
+00 , -01 , +17 , -02
+00 , -02 , +20 , -02
+00 , -02 , +19 , -02
+00 , -02 , +20 , -02
+00 , -02 , +20 , -02
+00 , -03 , +15 , -02
+00 , -02 , +15 , -02
+00 , -02 , +15 , -02
+00 , -02 , +14 , -02
+00 , -03 , +14 , -01
+00 , -02 , +13 , -01
+00 , -03 , +13 , -01
+00 , -03 , +14 , -01
+00 , -03 , +11 , -01
+00 , -03 , +09 , -01
+00 , -03 , +09 , -01
+00 , -03 , +08 , -01
+00 , -03 , +08 , -01
+01 , -03 , +08 , -01
+01 , -03 , +08 , -01
+01 , -03 , +08 , -01
+01 , -04 , +07 , -01
+01 , -04 , +07 , -01
+00 , -04 , +07 , -01
+00 , -04 , +07 , -01
+01 , -04 , +06 , -01
+01 , -04 , +05 , -01
+01 , -04 , +04 , -01
+01 , -04 , +03 , -01
+01 , -04 , +03 , -01
+01 , -04 , +04 , -01
+01 , -04 , +03 , -01
+01 , -04 , +03 , -01
+01 , -04 , +02 , +00
+01 , -04 , +02 , +00
+01 , -04 , +02 , +00
+01 , -04 , +02 , +00
+01 , -04 , +01 , +00
+01 , -04 , +00 , +00
+01 , -04 , +00 , -01
+01 , -04 , +00 , +00
+01 , -04 , +00 , +00
+01 , -04 , +00 , +00
+01 , -04 , +00 , -01
+01 , -04 , +00 , -01
+01 , -04 , +00 , -01
+00 , -04 , +00 , -01
+00 , -04 , -02 , -02
+03 , -04 , -02 , -01
+03 , -04 , +02 , -02
+05 , -05 , +02 , -01
+04 , -05 , +04 , -01
+03 , -05 , +04 , -01
+03 , -05 , +04 , -01
+02 , -05 , +04 , -01
+02 , -05 , +04 , -01
+02 , -05 , +06 , -01
+01 , -05 , +06 , -02
+01 , -05 , +06 , -02
+01 , -05 , +05 , -02
+01 , -05 , +06 , -01
+01 , -05 , +06 , -01
+01 , -05 , +07 , -01
+02 , -05 , +05 , -01
+02 , -05 , +05 , +00
+02 , -05 , +05 , +00
+02 , -05 , +03 , +00
+01 , -05 , +03 , +00
+02 , -05 , +00 , +00
+02 , -05 , +01 , +00
+02 , -05 , -02 , +01
+02 , -06 , -01 , +02
+01 , -06 , -01 , +04
+01 , -06 , -01 , +00
+01 , -06 , -04 , -04
+01 , -06 , -04 , -04
+01 , -06 , -03 , -05
+01 , -06 , -03 , -04
+01 , -06 , -02 , -03
+01 , -07 , -01 , -01
+01 , -07 , -01 , -02
+01 , -07 , -01 , -01
+01 , -07 , +00 , -02
+01 , -07 , -02 , -02
+01 , -07 , -01 , -02
+01 , -07 , -01 , -01
+01 , -07 , -01 , -01
+01 , -07 , -01 , -01
+01 , -07 , -01 , -02
+01 , -07 , +00 , -02
+01 , -07 , -02 , -02
+01 , -07 , -02 , -02
+01 , -07 , -02 , -03
+01 , -07 , -03 , -03
+01 , -07 , -02 , -03
+01 , -07 , -02 , -03
+01 , -07 , -01 , -03
+01 , -07 , +00 , -04
+01 , -07 , +00 , -04
+01 , -07 , +00 , -03
+01 , -08 , +00 , -03
+01 , -08 , +01 , -03
+01 , -09 , +01 , -03
+01 , -10 , +01 , -03
+01 , -10 , +05 , -03
+01 , -09 , +01 , -03
+01 , -08 , +01 , -03
+01 , -07 , +03 , -03
+01 , -07 , +04 , -03
+01 , -07 , +04 , -03
+00 , -07 , +05 , -02
+00 , -07 , +05 , -02
+00 , -07 , +05 , -02
+00 , -07 , +05 , -02
+00 , -07 , +05 , -02
+00 , -07 , +06 , -02
+00 , -07 , +06 , -02
+00 , -07 , +05 , -02
+00 , -07 , +05 , -02
+00 , -07 , +05 , -02
+00 , -07 , +06 , -01
+00 , -07 , +06 , -01
+00 , -07 , +06 , -01
+00 , -07 , +06 , -01
+00 , -07 , +07 , -01
+00 , -07 , +07 , -02
+00 , -07 , +07 , -02
+00 , -07 , +09 , -02
+00 , -07 , +09 , -02
+00 , -07 , +10 , -02
+00 , -06 , +08 , -02
+00 , -06 , +08 , -02
+00 , -06 , +06 , -02
+00 , -06 , +08 , -02
+00 , -06 , +08 , -02
+00 , -06 , +09 , -02
+00 , -06 , +10 , -02
+00 , -06 , +12 , -02
+00 , -06 , +12 , -02
+00 , -06 , +12 , -02
+00 , -06 , +13 , -02
+00 , -06 , +10 , -02
+00 , -06 , +07 , -02
+00 , -06 , +03 , -02
+00 , -06 , +00 , -02
+00 , -06 , -02 , -02
+00 , -06 , -05 , -01
+00 , -06 , -05 , -02
+00 , -06 , -01 , -01
+00 , -06 , +00 , -02
-01 , -06 , +04 , -02
-01 , -06 , +04 , -01
-01 , -06 , +05 , -01
-01 , -06 , +05 , -01
-01 , -05 , +05 , -01
-01 , -06 , +04 , -01
+00 , -06 , +04 , -01
+00 , -06 , +04 , -01
+00 , -06 , +05 , -02
+00 , -05 , +05 , -02
+00 , -06 , +05 , -01
+00 , -06 , +05 , -01
+00 , -06 , +05 , -01
+00 , -06 , +05 , -01
+00 , -06 , +03 , -01
+00 , -06 , +01 , -01
+00 , -06 , +02 , +00
+01 , -06 , +04 , -01
+01 , -06 , +04 , -01
+01 , -06 , +01 , -01
+01 , -06 , +01 , -01
+01 , -06 , +01 , -01
+01 , -05 , +01 , -01
+01 , -05 , +02 , -02
+01 , -05 , +02 , -01
+01 , -05 , +02 , -02
+01 , -06 , +02 , -02
+01 , -02 , +02 , -02
+01 , -04 , +02 , -02
+01 , -03 , +00 , -02
+01 , -03 , +03 , -03
+01 , -03 , +03 , -04
+01 , -03 , +04 , -04
+01 , -03 , +04 , -04
+01 , -04 , +07 , -03
+01 , -04 , +10 , -03
+01 , -04 , +10 , -04
+01 , -04 , +10 , -04
+01 , -04 , +09 , -04
+01 , -05 , +06 , -04
+01 , -05 , +06 , -03
+01 , -05 , +06 , -03
+01 , -05 , +06 , -03
+01 , -05 , +06 , -04
+01 , -05 , +06 , -04
+01 , -05 , +06 , -04
+01 , -05 , +04 , -04
+01 , -05 , +06 , -01
+01 , -05 , +07 , +00
+01 , -05 , +10 , -04
+01 , -05 , +09 , +00
+01 , -05 , +09 , +00
+01 , -05 , +08 , +01
+02 , -05 , +07 , +01
+02 , -06 , +09 , +00
+02 , -05 , +09 , +00
+02 , -06 , +06 , +00
+02 , -06 , +06 , -01
+01 , -06 , +06 , +00
+01 , -06 , +06 , +00
+01 , -06 , +08 , +00
-01 , -06 , +08 , +00
-02 , -06 , +08 , +01
-01 , -06 , +08 , +01
+00 , -06 , +07 , +01
+00 , -07 , +07 , +01
+00 , -07 , +08 , +01
+00 , -06 , +05 , +01
+01 , -06 , +05 , +01
+01 , -06 , +04 , +01
+01 , -06 , +03 , +01
+01 , -06 , +01 , +00
+01 , -06 , +00 , +00
+01 , -06 , +00 , +00
+02 , -06 , +00 , +00
+02 , -06 , +00 , -01
+02 , -06 , +00 , -01
+01 , -06 , +00 , +00
+02 , -06 , +00 , +00
+02 , -06 , +00 , +00
+02 , -06 , +00 , -01
+01 , -06 , +00 , +00
+01 , -06 , +01 , -01
+01 , -06 , +01 , +00
+01 , -06 , +02 , +00
+01 , -06 , +03 , +00
+01 , -06 , +02 , +00
+01 , -06 , +01 , +00
+01 , -05 , +01 , +00
+01 , -05 , +01 , +00
+01 , -05 , +00 , +00
+01 , -05 , -03 , +00
+01 , -05 , -02 , +00
+01 , -05 , -04 , +00
+01 , -06 , -05 , +00
+01 , -06 , -07 , +00
+01 , -06 , -09 , +00
+01 , -06 , -11 , +00
+01 , -06 , -14 , +00
+01 , -06 , -15 , +00
+01 , -06 , -13 , +00
+01 , -06 , -12 , +00
+01 , -07 , -11 , +00
+01 , -06 , -10 , +00
+01 , -06 , -09 , +00
+00 , -07 , -09 , +00
+00 , -06 , -05 , +00
+00 , -07 , -04 , +00
+00 , -07 , -03 , +00
+00 , -07 , -03 , -01
+01 , -07 , -02 , +00
+01 , -07 , -01 , +00
+01 , -07 , +00 , -01
+01 , -07 , +00 , -01
+01 , -07 , +00 , -01
+01 , -07 , +01 , +00
+01 , -07 , +01 , +00
+01 , -07 , +01 , -01
+01 , -07 , +00 , -01
+01 , -06 , +00 , -01
+01 , -06 , +00 , -01
+01 , -06 , +00 , -01
+01 , -06 , +04 , -01
+01 , -06 , +04 , -01
+01 , -06 , +04 , -01
+01 , -06 , +02 , -01
+01 , -06 , +02 , -01
+01 , -05 , +02 , -01
+01 , -06 , +02 , -01
+01 , -06 , +02 , -01
+01 , -09 , +02 , -01
+01 , -08 , +02 , -01
+01 , -07 , +02 , -01
+01 , -03 , +00 , -02
+01 , -03 , +01 , -02
+01 , -03 , +01 , -02
+01 , -03 , +01 , -03
+01 , -04 , +01 , -03
+01 , -04 , +02 , -03
+01 , -04 , +02 , -04
+01 , -04 , +01 , -04
+01 , -04 , +02 , -04
+01 , -05 , +02 , -04
+01 , -05 , +02 , -04
+01 , -05 , +05 , -04
+01 , -05 , +05 , -03
+01 , -05 , +05 , -03
+01 , -05 , +05 , -03
+01 , -06 , +05 , -04
+01 , -06 , +05 , -04
+01 , -06 , +06 , -04
+01 , -06 , +05 , -02
+01 , -06 , +03 , +00
+01 , -06 , +03 , +01
+01 , -06 , +03 , +02
+01 , -06 , +03 , +02
+01 , -06 , +03 , +02
+01 , -06 , +03 , +00
+01 , -06 , +03 , +00
+00 , -07 , +01 , +00
+00 , -07 , +02 , +00
+00 , -06 , +03 , +00
+00 , -07 , +03 , +00
+00 , -07 , +04 , -01
+00 , -07 , +04 , +00
+01 , -07 , +04 , +00
+01 , -06 , +04 , +00
+01 , -06 , +04 , +00
+01 , -06 , +04 , +00
+00 , -07 , +01 , +01
-01 , -07 , +02 , +01
-02 , -07 , +02 , +01
-02 , -07 , +02 , +01
-04 , -07 , +03 , +01
-03 , -07 , +02 , +01
-03 , -07 , +02 , +01
-03 , -07 , +02 , +01
-01 , -07 , +01 , +01
-01 , -07 , +01 , +01
-01 , -07 , -01 , +01
-01 , -07 , -01 , +00
-01 , -07 , -02 , +00
+00 , -07 , -02 , +01
-01 , -07 , -03 , +01
+00 , -07 , -03 , +01
+01 , -06 , -02 , +01
+01 , -06 , -01 , +01
+01 , -06 , -01 , +01
+01 , -06 , -01 , +01
+01 , -06 , -01 , +01
+01 , -06 , +00 , +01
+01 , -06 , +01 , +01
+01 , -06 , +04 , +01
+01 , -06 , +03 , +01
+01 , -06 , +04 , +01
+01 , -06 , +01 , +02
+01 , -06 , -02 , +02
+01 , -06 , -04 , +02
+01 , -06 , +00 , +01
+01 , -06 , +03 , +01
+01 , -06 , +01 , +01
+01 , -06 , -02 , +00
+01 , -05 , -04 , +00
+01 , -05 , +02 , +00
+01 , -05 , +04 , +00
+00 , -05 , +04 , +00
+00 , -05 , +04 , +00
+00 , -05 , +05 , -01
+00 , -05 , +05 , -01
+00 , -05 , +04 , -01
+00 , -05 , +04 , -01
+00 , -05 , +04 , -01
+01 , -04 , +04 , -01
+01 , -04 , +04 , -01
+01 , -04 , +04 , -02
+01 , -04 , +03 , -01
+00 , -04 , +03 , -01
+00 , -04 , +03 , -01
+01 , -04 , +03 , -02
+00 , -05 , +03 , -01
+00 , -04 , +04 , -02
+01 , -04 , +08 , -02
+01 , -04 , +07 , -02
+01 , -03 , +07 , -02
+00 , -03 , +07 , -02
+00 , -04 , +07 , -02
+00 , -03 , +07 , -02
+00 , -04 , +07 , -02
+00 , -03 , +07 , -03
+00 , +00 , +06 , -03
+00 , +01 , +04 , -03
+00 , +01 , +04 , -04
+00 , +01 , +02 , -05
+01 , +02 , +03 , -05
+01 , +02 , +06 , -05
+01 , +02 , +06 , -05
+01 , +01 , +06 , -05
+01 , +01 , +04 , -06
+01 , +01 , +03 , -05
+01 , +01 , +04 , -05
+01 , +00 , +05 , -05
+01 , +00 , +08 , -05
+01 , +00 , +08 , -04
+01 , -01 , +07 , -04
+01 , -01 , +04 , -04
+01 , -01 , +08 , -04
+01 , -01 , +04 , -05
+01 , -02 , +04 , -04
+01 , -02 , +06 , -03
+01 , -02 , +06 , -03
+02 , -03 , +06 , -09
+02 , -03 , +05 , -13
+02 , -03 , +05 , -11
+01 , -03 , +05 , -10
+02 , -04 , +05 , -08
+02 , -04 , +05 , -07
+02 , -05 , +02 , -07
+02 , -05 , +02 , -06
+02 , -04 , +00 , -05
+02 , -04 , -02 , -05
+02 , -04 , -02 , -06
+02 , -04 , -02 , -06
+02 , -04 , -03 , -05
+02 , -05 , -03 , -05
+02 , -05 , -02 , -05
+02 , -05 , -04 , -04
+02 , -05 , -03 , -04
+02 , -05 , -02 , -04
+02 , -05 , -02 , -03
+02 , -05 , -03 , -03
+02 , -05 , -02 , -03
+02 , -05 , -02 , -02
+02 , -05 , -01 , -02
+02 , -06 , +00 , -02
+02 , -06 , +01 , -02
+02 , -06 , +01 , -02
+02 , -06 , +01 , -02
+02 , -06 , +01 , -02
+01 , -06 , +01 , -02
+00 , -06 , +01 , -02
+01 , -06 , +00 , -02
+00 , -06 , +00 , -02
+00 , -06 , +00 , -01
+00 , -06 , +00 , -01
+00 , -06 , +00 , -01
+00 , -06 , +01 , -01
+00 , -06 , +01 , -01
+01 , -06 , +01 , -01
+01 , -06 , +01 , -01
+01 , -06 , +01 , -01
+01 , -06 , +00 , -01
+01 , -06 , +00 , -01
+01 , -06 , +01 , -01
+01 , -06 , +04 , -01
+01 , -06 , +05 , -01
+01 , -05 , +05 , -01
+01 , -06 , +05 , +00
+01 , -06 , +06 , +00
+01 , -06 , +07 , +00
+01 , -06 , +08 , +00
+01 , -06 , +07 , +00
+01 , -06 , +07 , +00
+00 , -06 , +07 , +00
+00 , -06 , +07 , +01
+00 , -06 , +07 , +00
+00 , -06 , +06 , +01
+01 , -06 , +04 , +01
+01 , -06 , +04 , +01
+01 , -06 , +02 , +01
+01 , -06 , +03 , +01
+01 , -06 , +03 , +01
+01 , -06 , +03 , +00
+01 , -06 , +03 , +01
+01 , -06 , +03 , +01
+01 , -06 , +03 , +01
+01 , -06 , +01 , +00
+01 , -06 , -02 , +00
+01 , -06 , -01 , +00
+01 , -06 , +00 , +00
+01 , -06 , +01 , +00
+01 , -06 , +01 , +00
+01 , -07 , +02 , +01
+01 , -07 , +02 , +02
+01 , -07 , +02 , +03
+01 , -07 , +02 , +03
+02 , -07 , -04 , +03
+01 , -07 , -04 , +04
+01 , -07 , -01 , +03
+01 , -07 , -01 , +03
+01 , -07 , -03 , +03
+02 , -07 , -02 , +03
+02 , -07 , -02 , +02
+02 , -07 , -06 , +01
+02 , -07 , -05 , +01
+02 , -07 , -05 , +01
+02 , -07 , -04 , +00
+02 , -07 , -03 , +00
+02 , -07 , +01 , +00
+01 , -07 , +01 , -01
+01 , -07 , +01 , -01
+01 , -07 , -02 , -01
+01 , -07 , -02 , -01
+01 , -07 , +00 , -01
+01 , -07 , +00 , -01
+01 , -07 , +01 , -01
+01 , -07 , +01 , -01
+01 , -07 , -01 , -01
+01 , -07 , -01 , -01
+01 , -10 , -01 , -01
+01 , -09 , -01 , -01
+01 , -08 , -02 , -01
+01 , -07 , -02 , -01
+00 , -07 , -02 , -01
+00 , -06 , -01 , -01
+00 , -07 , -01 , -01
+01 , -06 , +00 , +00
+01 , -06 , +00 , +00
+01 , -06 , +00 , +00
+01 , -06 , +00 , +00
+01 , -06 , +04 , +00
+01 , -06 , +03 , +00
+01 , -06 , +03 , +00
+01 , -06 , +07 , +00
+00 , -06 , +07 , +00
+00 , -06 , +07 , +00
+00 , -06 , +07 , +00
+00 , -06 , +06 , +00
+00 , -06 , +05 , +00
+00 , -06 , +03 , +00
+00 , -06 , +03 , +00
+01 , -06 , +03 , +00
+00 , -06 , +02 , +00
+00 , -06 , +01 , +00
+00 , -06 , +01 , +01
+00 , -06 , +00 , +01
+00 , -06 , +00 , +01
+00 , -06 , +00 , +00
+00 , -06 , +00 , +00
+00 , -06 , +00 , +00
+00 , -06 , +00 , +00
+00 , -06 , +00 , +00
+00 , -06 , +00 , -01
+00 , -06 , +00 , -01
+00 , -06 , +00 , -01
+00 , -06 , +00 , -01
+00 , -06 , -03 , -01
+00 , -05 , -02 , -01
+00 , -05 , -01 , -01
+00 , -05 , -01 , -01
+00 , -05 , -01 , -01
+01 , -05 , +00 , -01
+02 , -05 , -01 , -01
+01 , -05 , -01 , -01
+01 , -05 , +00 , +00
+01 , -05 , +02 , +00
+01 , -05 , +02 , +00
+00 , -05 , +01 , +00
+00 , -05 , +02 , +00
-01 , -05 , +00 , +00
-01 , -05 , +04 , +00
-01 , -05 , +04 , +00
-01 , -05 , +04 , +00
-01 , -05 , +08 , +01
-01 , -05 , +08 , +00
+00 , -05 , +08 , +01
+00 , -05 , +08 , +01
+00 , -05 , +08 , +01
+00 , -05 , +08 , +01
+00 , -06 , +08 , +01
+00 , -05 , +08 , +02
+00 , -06 , +07 , +03
+00 , -06 , +05 , +04
+00 , -06 , +05 , +05
+00 , -06 , +05 , +05
+00 , -05 , +05 , +06
+01 , -06 , +02 , +07
+00 , -06 , +00 , +03
+01 , -06 , +00 , +03
+00 , -06 , +01 , +03
+01 , -06 , +02 , +04
+01 , -06 , +03 , +04
+01 , -06 , +03 , +04
+01 , -06 , +00 , +03
+01 , -06 , -03 , +03
+01 , -06 , -02 , +03
+01 , -06 , -02 , +02
+01 , -06 , +00 , +01
+01 , -06 , +01 , +01
+01 , -06 , +01 , +01
+01 , -06 , +03 , +00
+01 , -06 , +03 , +00
+01 , -06 , +03 , +00
+01 , -06 , +03 , +00
+01 , -06 , +05 , -01
+01 , -06 , +05 , -01
+01 , -06 , +05 , -01
+01 , -07 , +06 , -01
+01 , -07 , +09 , -01
+01 , -07 , +11 , -01
+01 , -07 , +11 , -01
+01 , -08 , +11 , -01
+01 , -07 , +10 , +00
+01 , -08 , +09 , -01
+01 , -05 , +09 , +00
+01 , -02 , +10 , -01
+01 , +02 , +10 , -01
+01 , +03 , +09 , +00
+01 , +02 , +09 , +00
+01 , +01 , +09 , +00
+01 , +00 , +12 , +00
+01 , +00 , +09 , +00
+01 , +00 , +12 , +00
+01 , +00 , +11 , +00
+01 , +00 , +10 , -01
+01 , +00 , +09 , -01
+01 , -01 , +07 , -01
+01 , -01 , +05 , -01
+01 , -01 , +05 , -01
+01 , -01 , +05 , +00
+01 , -02 , +05 , +00
+01 , -02 , +04 , +00
+01 , -02 , +04 , +00
+01 , -02 , +02 , -01
+00 , -03 , +01 , -01
+00 , -03 , +00 , -01
+00 , -03 , +00 , -01
+00 , -03 , +01 , +00
+00 , -03 , +02 , +00
+00 , -03 , +02 , +00
+00 , -03 , +03 , +00
+00 , -03 , +03 , +00
+01 , -04 , +02 , +00
+00 , -04 , +03 , +01
+00 , -04 , +03 , +01
+00 , -04 , +03 , +01
+00 , -04 , +03 , +01
+00 , -04 , +01 , +02
+00 , -03 , +02 , +01
+00 , -03 , +01 , +01
+00 , -04 , +01 , +00
+00 , -04 , +01 , +01
+00 , -04 , +00 , +01
+00 , -04 , +00 , +01
+02 , -04 , +01 , +01
+02 , -04 , +02 , +00
+03 , -04 , +02 , +01
+03 , -04 , +03 , +01
+03 , -05 , +01 , +01
+03 , -05 , +02 , +00
+03 , -05 , +06 , +00
+04 , -05 , +06 , +00
+03 , -05 , +06 , +00
+03 , -05 , +06 , +00
+03 , -05 , +06 , +01
+02 , -05 , +06 , +01
+02 , -04 , +06 , +01
+02 , -05 , +06 , +00
+02 , -05 , +03 , +01
+02 , -05 , +03 , +01
+02 , -05 , +04 , +01
+02 , -05 , +04 , +01
+02 , -05 , +03 , +01
+02 , -05 , +03 , +01
+02 , -05 , +00 , +01
+01 , -05 , +00 , +01
+01 , -05 , +01 , +01
+01 , -05 , +02 , +01
+01 , -05 , +02 , +01
+01 , -05 , +02 , +01
+01 , -05 , +03 , +02
+02 , -05 , +02 , +03
+02 , -05 , +02 , +05
+02 , -05 , +03 , +08
+02 , -06 , +03 , +07
+02 , -06 , +05 , +07
+02 , -06 , +06 , +09
+02 , -06 , +06 , +10
+02 , -06 , +05 , +10
+02 , -06 , +05 , +09
+02 , -06 , +05 , +07
+01 , -06 , +05 , +04
+01 , -06 , +05 , +04
+01 , -06 , +06 , +04
+01 , -06 , +06 , +03
+01 , -06 , +06 , +02
+01 , -06 , +06 , +02
+01 , -06 , +06 , +02
+01 , -06 , +04 , +01
+01 , -06 , +05 , +01
+01 , -06 , +07 , +01
+01 , -06 , +07 , +01
+01 , -06 , +07 , +00
+01 , -06 , +07 , +00
+01 , -06 , +04 , +00
+00 , -06 , +06 , -01
+01 , -06 , +06 , -01
+00 , -06 , +06 , -01
+00 , -06 , +06 , -01
+00 , -06 , +06 , -01
+01 , -06 , +06 , -01
+01 , -06 , +04 , -01
+01 , -06 , +02 , -01
+01 , -06 , +02 , -01
+01 , -06 , +03 , -01
+01 , -07 , +03 , +00
+01 , -07 , -02 , +00
+01 , -07 , -01 , +00
+01 , -07 , +00 , +00
+01 , -08 , +00 , +00
+01 , -08 , -01 , +00
+01 , -08 , -01 , +00
+01 , -08 , -01 , +01
+01 , -12 , -01 , +01
+01 , -15 , -01 , +01
+01 , -13 , -02 , +01
+01 , -16 , -02 , +01
+01 , -12 , -02 , +01
+01 , -12 , -01 , +01
+01 , -11 , +01 , +01
+01 , -11 , +02 , +01
+01 , -11 , +04 , +00
+01 , -10 , +05 , +00
+01 , -09 , +06 , +01
+01 , -09 , +06 , +00
+01 , -09 , +06 , +00
+01 , -09 , +04 , +01
+01 , -09 , +04 , +01
+01 , -09 , +05 , +01
+01 , -09 , +03 , +01
+01 , -09 , +03 , +01
+01 , -09 , +03 , +01
+01 , -08 , +04 , +01
+01 , -08 , +03 , +01
+01 , -08 , +02 , +01
+01 , -08 , +03 , +00
+01 , -08 , +02 , +00
+00 , -07 , +01 , +00
+00 , -07 , +01 , +00
+01 , -07 , +02 , +00
+01 , -07 , +02 , +00
+01 , -07 , +02 , +01
+01 , -07 , +02 , +01
+01 , -07 , +03 , +01
+01 , -07 , +03 , +01
+01 , -07 , +03 , +01
+01 , -07 , +03 , +01
+00 , -07 , +04 , +01
+00 , -06 , +04 , +01
+01 , -06 , +05 , +01
+01 , -06 , +05 , +02
+01 , -06 , +05 , +02
+01 , -06 , +06 , +01
+01 , -06 , +08 , +01
+01 , -06 , +07 , +01
+01 , -06 , +07 , +01
+00 , -06 , +08 , +01
+00 , -06 , +08 , +01
+00 , -06 , +08 , +01
+00 , -06 , +07 , +01
+00 , -06 , +11 , +01
+00 , -06 , +14 , +01
+00 , -06 , +11 , +01
+00 , -06 , +11 , +01
+00 , -06 , +10 , +01
-01 , -05 , +08 , +01
-01 , -05 , +09 , +01
-01 , -05 , +08 , +00
-01 , -05 , +08 , +00
-01 , -05 , +09 , +00
-01 , -05 , +08 , +00
-01 , -05 , +04 , +00
+00 , -06 , +04 , -01
+00 , -07 , +05 , -01
+00 , -05 , +05 , -01
+00 , -07 , +05 , -01
+00 , -09 , +05 , -01
+00 , -08 , +05 , -01
+00 , -06 , +07 , -01
+00 , -06 , +07 , -01
+00 , -06 , +05 , -01
+00 , -07 , +03 , -01
+01 , -07 , +04 , -01
+01 , -07 , +07 , -01
+00 , -07 , +06 , -01
+01 , -07 , +06 , -01
+01 , -07 , +07 , -01
+01 , -07 , +07 , -01
+01 , -07 , +03 , -01
+01 , -07 , +04 , -01
+01 , -07 , +04 , -01
+01 , -07 , +05 , +00
+02 , -07 , +06 , -03
+02 , -07 , +06 , -06
+02 , -06 , +05 , -05
+02 , -07 , +04 , -05
+02 , -07 , +03 , -05
+02 , -07 , +04 , -04
+02 , -07 , +05 , -05
+01 , -07 , +07 , -04
+01 , -07 , +10 , -04
+01 , -07 , +11 , -05
+01 , -07 , +11 , -05
+01 , -07 , +10 , -05
+01 , -07 , +10 , -04
+01 , -07 , +10 , -05
+01 , -07 , +11 , -05
+01 , -07 , +12 , -04
+01 , -08 , +12 , -04
+01 , -08 , +11 , -04
+02 , -08 , +07 , -03
+02 , -08 , +06 , -03
+01 , -08 , +06 , -02
+02 , -07 , +06 , -02
+01 , -07 , +06 , -02
+01 , -07 , +05 , -02
+00 , -07 , +05 , -01
+00 , -07 , +05 , -02
+00 , -07 , +04 , -02
+00 , -07 , +03 , -01
+01 , -07 , +01 , -01
+02 , -08 , +02 , -01
+02 , -08 , +05 , -01
+02 , -08 , +06 , -01
+02 , -08 , +07 , -01
+02 , -08 , +09 , -01
+02 , -07 , +10 , -01
+02 , -07 , +10 , -02
+02 , -07 , +11 , -02
+02 , -07 , +11 , -02
+02 , -07 , +12 , -02
+02 , -07 , +12 , -02
+02 , -07 , +14 , -02
+02 , -07 , +14 , -02
+02 , -07 , +14 , -02
+02 , -07 , +14 , -02
+02 , -07 , +14 , -02
+03 , -07 , +12 , -01
+02 , -07 , +12 , -01
+02 , -07 , +12 , -01
+02 , -07 , +13 , -01
+02 , -07 , +12 , -01
+01 , -07 , +12 , -01
+01 , -07 , +11 , -01
+01 , -06 , +11 , +00
+01 , -06 , +11 , +00
+01 , -06 , +12 , +00
+01 , -06 , +11 , +00
+01 , -06 , +11 , -01
+01 , -06 , +11 , -01
+01 , -06 , +11 , +00
+00 , -06 , +11 , +00
+01 , -06 , +11 , +00
+00 , -06 , +10 , -01
+00 , -06 , +08 , -01
+00 , -06 , +08 , +00
+00 , -06 , +08 , +00
+00 , -06 , +11 , +00
+00 , -06 , +11 , +00
+00 , -06 , +12 , +00
+00 , -06 , +14 , +00
+00 , -06 , +14 , +00
+00 , -06 , +14 , +00
+00 , -06 , +13 , +00
+00 , -06 , +13 , +00
+00 , -06 , +12 , +00
+00 , -06 , +12 , +00
+00 , -06 , +12 , +00
+00 , -05 , +11 , +00
+00 , -05 , +11 , +00
+01 , -05 , +10 , +00
+00 , -05 , +10 , +00
+00 , -05 , +10 , +00
+01 , -04 , +11 , -01
+01 , -04 , +11 , -01
+01 , -04 , +13 , -01
+01 , -04 , +13 , -01
+01 , -05 , +08 , -01
+01 , -04 , +11 , -01
+01 , -04 , +11 , -01
+01 , -06 , +11 , -01
+01 , -05 , +11 , -01
+00 , -04 , +10 , -01
+00 , -02 , +10 , -01
+00 , -03 , +10 , -01
+00 , -02 , +10 , -01
+00 , -01 , +09 , -01
+00 , -01 , +09 , +00
+00 , -02 , +08 , +00
+00 , -02 , +08 , +00
+01 , -03 , +08 , +00
+01 , -03 , +08 , +00
+01 , -03 , +07 , +00
+01 , -03 , +07 , -01
+01 , -03 , +08 , -03
+01 , -04 , +07 , -02
+01 , -04 , +07 , -04
+01 , -04 , +07 , -04
+01 , -04 , +07 , -04
+01 , -04 , +07 , -04
+01 , -04 , +07 , -05
+01 , -05 , +07 , -04
+01 , -05 , +07 , -02
+01 , -05 , +09 , -02
+01 , -05 , +12 , -03
+01 , -06 , +08 , -02
+01 , -06 , +08 , -02
+01 , -06 , +07 , -01
+01 , -05 , +07 , -01
+01 , -05 , +06 , -01
+01 , -06 , +06 , -01
+01 , -06 , +06 , +00
+01 , -06 , +06 , +00
+00 , -06 , +06 , +00
+00 , -06 , +07 , +00
+00 , -06 , +07 , +00
+00 , -06 , +07 , +00
+00 , -06 , +07 , +00
+01 , -06 , +07 , +00
+01 , -06 , +07 , +00
+02 , -06 , +07 , +00
+02 , -06 , +07 , +00
+02 , -06 , +07 , +00
+01 , -06 , +07 , +00
+01 , -07 , +07 , +00
+01 , -07 , +07 , +00
+01 , -06 , +07 , +00
+01 , -06 , +07 , +00
+01 , -07 , +07 , +00
+01 , -07 , +05 , +00
+01 , -06 , +05 , +00
+01 , -06 , +05 , +00
+01 , -06 , +05 , +00
+01 , -06 , +06 , +00
+01 , -06 , +03 , +00
+01 , -06 , +03 , +00
+01 , -06 , +00 , +00
+01 , -06 , +01 , +00
