214.11 , 163.28 , 213.70 , 166.33
214.03 , 165.16 , 213.94 , 167.65
211.73 , 163.36 , 211.21 , 165.57
214.11 , 163.28 , 213.70 , 166.33
211.61 , 163.37 , 211.35 , 167.28
214.03 , 165.16 , 213.94 , 167.65
213.86 , 161.27 , 213.92 , 164.88
209.04 , 159.52 , 208.80 , 163.75
211.53 , 161.31 , 211.42 , 164.10
213.86 , 161.27 , 213.92 , 164.88
211.61 , 163.37 , 211.35 , 167.28
209.22 , 163.45 , 208.79 , 166.53
213.94 , 159.39 , 213.70 , 163.56
211.61 , 163.37 , 211.35 , 167.28
213.86 , 161.27 , 213.92 , 164.88
213.86 , 161.27 , 213.92 , 164.88
209.04 , 159.52 , 208.80 , 163.75
211.62 , 159.45 , 211.21 , 162.80
209.04 , 159.52 , 208.80 , 163.75
211.62 , 159.45 , 211.21 , 162.80
211.53 , 161.31 , 211.42 , 164.10
211.53 , 161.31 , 211.42 , 164.10
213.86 , 161.27 , 213.92 , 164.88
211.62 , 159.45 , 211.21 , 162.80
211.62 , 159.45 , 211.21 , 162.80
211.62 , 159.45 , 211.21 , 162.80
211.53 , 161.31 , 211.42 , 164.10
213.94 , 159.39 , 213.70 , 163.56
211.62 , 159.45 , 211.21 , 162.80
209.24 , 159.51 , 208.73 , 162.03
211.62 , 159.45 , 211.21 , 162.80
211.62 , 159.45 , 211.21 , 162.80
211.62 , 159.45 , 211.21 , 162.80
211.62 , 159.45 , 211.21 , 162.80
211.62 , 159.45 , 211.21 , 162.80
211.62 , 159.45 , 211.21 , 162.80
211.62 , 159.45 , 211.21 , 162.80
211.53 , 161.31 , 211.42 , 164.10
211.53 , 161.31 , 211.42 , 164.10
211.53 , 161.31 , 211.42 , 164.10
211.53 , 161.31 , 211.42 , 164.10
211.53 , 161.31 , 211.42 , 164.10
213.86 , 161.27 , 213.92 , 164.88
213.86 , 161.27 , 213.92 , 164.88
213.86 , 161.27 , 213.92 , 164.88
213.86 , 161.27 , 213.92 , 164.88
213.86 , 161.27 , 213.92 , 164.88
218.63 , 161.18 , 218.69 , 164.73
218.63 , 161.18 , 218.69 , 164.73
220.83 , 161.14 , 221.12 , 165.46
218.70 , 159.27 , 218.47 , 163.36
216.45 , 159.32 , 216.05 , 162.62
218.63 , 161.18 , 218.69 , 164.73
216.12 , 161.23 , 216.43 , 165.63
216.12 , 161.23 , 216.43 , 165.63
216.19 , 159.33 , 216.19 , 164.29
216.19 , 159.33 , 216.19 , 164.29
211.35 , 159.46 , 211.36 , 164.51
211.35 , 159.46 , 211.36 , 164.51
213.94 , 159.39 , 213.70 , 163.56
211.61 , 163.37 , 211.35 , 167.28
211.53 , 165.22 , 211.61 , 168.58
213.93 , 163.29 , 213.91 , 168.01
214.11 , 163.28 , 213.70 , 166.33
216.43 , 163.20 , 216.18 , 167.07
214.11 , 163.28 , 213.70 , 166.33
211.61 , 163.37 , 211.35 , 167.28
214.03 , 165.16 , 213.94 , 167.65
216.43 , 163.20 , 216.18 , 167.07
216.43 , 163.20 , 216.18 , 167.07
214.11 , 163.28 , 213.70 , 166.33
214.11 , 163.28 , 213.70 , 166.33
211.61 , 163.37 , 211.35 , 167.28
211.73 , 161.51 , 211.01 , 165.99
209.22 , 163.45 , 208.79 , 166.53
211.73 , 163.36 , 211.21 , 165.57
209.22 , 163.45 , 208.79 , 166.53
211.61 , 163.37 , 211.35 , 167.28
214.11 , 163.28 , 213.70 , 166.33
211.35 , 159.46 , 211.36 , 164.51
211.76 , 157.59 , 210.93 , 161.51
213.94 , 159.39 , 213.70 , 163.56
211.62 , 159.45 , 211.21 , 162.80
214.14 , 159.38 , 213.64 , 161.87
216.45 , 159.32 , 216.05 , 162.62
214.14 , 159.38 , 213.64 , 161.87
216.45 , 159.32 , 216.05 , 162.62
216.45 , 159.32 , 216.05 , 162.62
214.14 , 159.38 , 213.64 , 161.87
214.14 , 159.38 , 213.64 , 161.87
214.02 , 155.49 , 213.78 , 159.09
216.26 , 155.45 , 216.19 , 159.84
216.58 , 157.42 , 215.78 , 161.28
214.28 , 157.50 , 213.38 , 160.55
211.87 , 153.66 , 211.14 , 157.02
