+39 , -38 , -31 , +01
+39 , -38 , -32 , +01
+39 , -38 , -31 , +02
+39 , -38 , -33 , +02
+39 , -38 , -32 , +02
+39 , -39 , -31 , +02
+39 , -39 , -30 , +02
+39 , -39 , -31 , +02
+39 , -38 , -29 , +02
+39 , -38 , -26 , +02
+39 , -36 , -27 , +02
+39 , -37 , -29 , +02
+39 , -37 , -28 , +02
+39 , -37 , -27 , +02
+39 , -38 , -27 , +02
+39 , -39 , -27 , +02
+39 , -39 , -27 , +02
+39 , -39 , -26 , +02
+38 , -39 , -27 , +02
+39 , -39 , -29 , +02
+39 , -38 , -27 , +02
+39 , -38 , -28 , +02
+39 , -37 , -30 , +02
+39 , -38 , -29 , +02
+39 , -38 , -27 , +02
+38 , -39 , -26 , +02
+38 , -39 , -26 , +02
+38 , -39 , -27 , +02
+39 , -39 , -27 , +02
+39 , -38 , -26 , +02
+39 , -38 , -28 , +02
+39 , -38 , -30 , +02
+39 , -38 , -31 , +02
+39 , -38 , -34 , +02
+39 , -37 , -36 , +02
+39 , -37 , -35 , +02
+39 , -37 , -35 , +02
+39 , -37 , -37 , +02
+39 , -37 , -39 , +02
+39 , -37 , -39 , +02
+39 , -37 , -40 , +02
+39 , -37 , -39 , +01
+39 , -37 , -38 , +01
+39 , -37 , -38 , +01
+39 , -38 , -38 , +02
+39 , -38 , -36 , +02
+39 , -38 , -37 , +02
+39 , -38 , -36 , +02
+39 , -39 , -37 , +02
+39 , -38 , -36 , +02
+39 , -39 , -37 , +02
+39 , -39 , -36 , +02
+39 , -38 , -35 , +02
+39 , -39 , -36 , +02
+39 , -39 , -35 , +02
+39 , -38 , -34 , +02
+39 , -39 , -35 , +02
+39 , -40 , -34 , +02
+39 , -40 , -33 , +02
+39 , -39 , -32 , +02
+39 , -40 , -33 , +02
+39 , -40 , -32 , +02
+39 , -40 , -32 , +02
+39 , -39 , -30 , +02
+39 , -39 , -32 , +02
+39 , -40 , -34 , +02
+39 , -40 , -34 , +02
+39 , -39 , -33 , +02
+39 , -39 , -35 , +02
+39 , -39 , -36 , +02
+39 , -39 , -36 , +02
+39 , -39 , -38 , +02
+39 , -39 , -39 , +01
+39 , -39 , -38 , +01
+39 , -38 , -38 , +01
+39 , -38 , -39 , +01
+39 , -38 , -38 , +01
+39 , -39 , -38 , +01
+39 , -39 , -37 , +01
+39 , -39 , -36 , +02
+39 , -39 , -38 , +01
+39 , -38 , -35 , +01
+39 , -38 , -35 , +01
+39 , -38 , -35 , +01
+39 , -38 , -33 , +01
+39 , -38 , -32 , +01
+39 , -38 , -32 , +01
+39 , -38 , -31 , +01
+39 , -37 , -31 , +01
+39 , -37 , -33 , +01
+39 , -38 , -33 , +01
+39 , -38 , -31 , +01
+39 , -38 , -30 , +01
+39 , -38 , -29 , +01
+39 , -38 , -29 , +01
+39 , -39 , -30 , +01
+39 , -38 , -30 , +01
+39 , -39 , -29 , +01
+39 , -40 , -28 , +01
+39 , -39 , -30 , +01
+39 , -40 , -29 , +01
+39 , -39 , -28 , +01
+39 , -39 , -28 , +01
+39 , -38 , -27 , +01
+39 , -38 , -28 , +01
+39 , -38 , -28 , +01
+39 , -38 , -29 , +01
+39 , -38 , -27 , +01
+39 , -38 , -27 , +01
+39 , -37 , -27 , +01
+39 , -38 , -31 , +01
+39 , -39 , -32 , +01
+39 , -39 , -31 , +01
+39 , -39 , -30 , +01
+39 , -38 , -29 , +01
+39 , -38 , -29 , +01
+39 , -37 , -29 , +01
+39 , -37 , -30 , +01
+39 , -37 , -30 , +01
+39 , -37 , -31 , +01
+39 , -37 , -33 , +01
+39 , -38 , -32 , +01
+39 , -37 , -32 , +01
+39 , -37 , -31 , +01
+39 , -37 , -31 , +01
+39 , -37 , -32 , +01
+39 , -36 , -31 , +01
+39 , -36 , -31 , +01
+39 , -36 , -32 , +01
+39 , -37 , -33 , +02
+39 , -36 , -32 , +01
+39 , -37 , -31 , +02
+39 , -37 , -31 , +01
+39 , -38 , -30 , +01
+39 , -38 , -29 , +02
+39 , -37 , -30 , +02
+39 , -37 , -29 , +01
+39 , -38 , -28 , +01
+39 , -37 , -27 , +01
+39 , -38 , -27 , +01
+39 , -38 , -29 , +01
+39 , -37 , -28 , +01
+39 , -37 , -29 , +01
+39 , -37 , -28 , +01
+39 , -37 , -26 , +01
+39 , -37 , -28 , +01
+39 , -37 , -27 , +01
+39 , -37 , -26 , +01
+39 , -37 , -25 , +01
+39 , -37 , -25 , +01
+39 , -37 , -24 , +01
+39 , -36 , -23 , +01
+39 , -36 , -22 , +01
+39 , -36 , -22 , +01
+39 , -36 , -24 , +02
+39 , -35 , -24 , +02
+39 , -36 , -24 , +02
+39 , -37 , -24 , +02
+39 , -37 , -23 , +01
+39 , -37 , -25 , +01
+39 , -38 , -24 , +01
+38 , -38 , -24 , +01
+38 , -38 , -23 , +01
+38 , -39 , -23 , +01
+38 , -38 , -23 , +01
+38 , -38 , -22 , +01
+38 , -38 , -24 , +01
+38 , -37 , -24 , +01
+38 , -37 , -24 , +01
+38 , -37 , -23 , +01
+39 , -38 , -26 , +01
+39 , -37 , -25 , +01
+39 , -37 , -25 , +01
+39 , -38 , -25 , +01
+39 , -38 , -24 , +01
+38 , -37 , -27 , +01
+38 , -37 , -26 , +01
+38 , -37 , -28 , +01
+38 , -38 , -27 , +01
+38 , -38 , -27 , +01
+38 , -38 , -26 , +01
+38 , -38 , -28 , +01
+38 , -38 , -28 , +01
+39 , -37 , -29 , +01
+39 , -37 , -30 , +01
+39 , -38 , -29 , +00
+39 , -37 , -28 , +01
+39 , -38 , -28 , +00
+39 , -38 , -28 , +01
+39 , -39 , -28 , +01
+39 , -39 , -27 , +00
+39 , -39 , -27 , +00
+39 , -38 , -29 , +01
+39 , -39 , -31 , +01
+39 , -40 , -30 , +01
+39 , -39 , -30 , +01
+39 , -39 , -29 , +02
+39 , -39 , -31 , +02
+39 , -40 , -33 , +02
+39 , -41 , -32 , +01
+39 , -40 , -31 , +02
+39 , -40 , -30 , +01
+39 , -41 , -30 , +01
+39 , -40 , -29 , +02
+39 , -40 , -28 , +02
+39 , -40 , -28 , +02
+39 , -39 , -27 , +02
+39 , -39 , -26 , +02
+39 , -40 , -26 , +02
+39 , -39 , -25 , +02
+39 , -39 , -25 , +02
+39 , -40 , -27 , +01
+39 , -39 , -28 , +01
+39 , -39 , -28 , +01
+39 , -39 , -27 , +01
+39 , -39 , -27 , +01
+39 , -39 , -27 , +01
+38 , -39 , -29 , +01
+39 , -39 , -28 , +01
+39 , -38 , -28 , +00
+39 , -38 , -30 , +00
+39 , -37 , -32 , +00
+38 , -37 , -36 , +01
+38 , -36 , -37 , +00
+39 , -37 , -38 , +00
+39 , -37 , -38 , +01
+39 , -37 , -40 , +01
+39 , -36 , -38 , +01
+39 , -36 , -37 , +01
+39 , -36 , -39 , +01
+39 , -36 , -37 , +01
+39 , -36 , -38 , +01
+39 , -36 , -37 , +01
+39 , -36 , -39 , +01
+39 , -37 , -42 , +01
+39 , -37 , -40 , +01
+39 , -38 , -39 , +01
+39 , -37 , -38 , +01
+39 , -38 , -37 , +01
+39 , -38 , -39 , +02
+39 , -37 , -40 , +02
+39 , -37 , -39 , +01
+39 , -38 , -40 , +01
+39 , -38 , -39 , +01
+39 , -37 , -37 , +01
+39 , -37 , -34 , +01
+39 , -37 , -34 , +02
+39 , -37 , -33 , +01
+39 , -37 , -30 , +02
+39 , -37 , -32 , +02
+39 , -37 , -31 , +02
+39 , -38 , -30 , +02
+39 , -37 , -29 , +02
+38 , -37 , -28 , +02
+38 , -37 , -29 , +02
+38 , -38 , -30 , +01
+38 , -38 , -33 , +01
+38 , -39 , -32 , +01
+38 , -39 , -31 , +01
+38 , -38 , -30 , +01
+38 , -38 , -30 , +01
+38 , -38 , -32 , +01
+38 , -38 , -31 , +01
+38 , -38 , -30 , +01
+38 , -38 , -31 , +01
+39 , -37 , -32 , +01
+39 , -37 , -34 , +01
+39 , -38 , -35 , +01
+39 , -38 , -36 , +01
+39 , -37 , -35 , +01
+39 , -38 , -32 , +01
+39 , -38 , -32 , +01
+39 , -38 , -31 , +01
+39 , -37 , -33 , +01
+39 , -37 , -34 , +01
+39 , -38 , -34 , +01
+39 , -38 , -36 , +01
+39 , -38 , -33 , +01
+39 , -38 , -32 , +01
+39 , -38 , -34 , +01
+39 , -38 , -30 , +01
+39 , -38 , -32 , +01
+39 , -39 , -32 , +01
+39 , -38 , -31 , +01
+39 , -38 , -30 , +02
+39 , -38 , -30 , +02
+39 , -38 , -31 , +02
+39 , -38 , -30 , +01
+39 , -38 , -30 , +01
+39 , -38 , -31 , +01
+39 , -38 , -33 , +01
+39 , -37 , -32 , +01
+39 , -37 , -34 , +01
+39 , -37 , -33 , +01
+39 , -37 , -32 , +01
+39 , -38 , -31 , +01
+39 , -38 , -34 , +01
+39 , -38 , -33 , +01
+39 , -37 , -33 , +01
+39 , -37 , -32 , +01
+39 , -37 , -37 , +00
+39 , -37 , -38 , +01
+39 , -36 , -39 , +01
+39 , -36 , -41 , +01
+39 , -37 , -40 , +01
+39 , -36 , -40 , +01
+39 , -36 , -38 , +01
+39 , -36 , -36 , +01
+39 , -35 , -34 , +01
+39 , -36 , -34 , +01
+39 , -36 , -36 , +01
+39 , -36 , -34 , +01
+39 , -37 , -37 , +01
+39 , -37 , -36 , +01
+39 , -37 , -38 , +01
+39 , -37 , -37 , +01
+39 , -36 , -37 , +01
+39 , -37 , -37 , +01
+39 , -37 , -39 , +01
+40 , -37 , -41 , +01
+39 , -37 , -43 , +01
+39 , -36 , -41 , +01
+39 , -37 , -41 , +01
+39 , -36 , -40 , +01
+39 , -36 , -41 , +01
+39 , -36 , -39 , +01
+39 , -37 , -38 , +01
+39 , -37 , -40 , +01
+39 , -37 , -39 , +00
+39 , -36 , -38 , +00
+39 , -36 , -35 , +00
+39 , -36 , -37 , +00
+39 , -36 , -37 , +00
+39 , -36 , -38 , +01
+39 , -36 , -37 , +01
+39 , -35 , -37 , +01
+39 , -36 , -36 , +01
+39 , -35 , -33 , +01
+39 , -35 , -30 , +01
+39 , -35 , -31 , +01
+39 , -35 , -33 , +02
+39 , -36 , -35 , +02
+39 , -35 , -36 , +02
+39 , -35 , -38 , +02
+39 , -36 , -39 , +02
+39 , -37 , -38 , +02
+39 , -37 , -41 , +02
+39 , -38 , -40 , +02
+39 , -39 , -40 , +01
+39 , -39 , -41 , +01
+39 , -39 , -40 , +01
+39 , -39 , -39 , +00
+39 , -39 , -39 , +01
+39 , -39 , -36 , +01
+39 , -39 , -35 , +01
+39 , -39 , -36 , +00
+39 , -38 , -35 , +00
+39 , -38 , -35 , +00
+39 , -38 , -32 , +01
+39 , -38 , -34 , +01
+39 , -39 , -34 , +01
+39 , -38 , -34 , +00
+39 , -38 , -34 , +00
+39 , -38 , -35 , +00
+39 , -38 , -34 , +00
+39 , -39 , -36 , +01
+39 , -38 , -37 , +00
+39 , -38 , -36 , +00
+39 , -38 , -32 , +00
+39 , -39 , -31 , +00
+39 , -38 , -33 , +01
+39 , -38 , -34 , +01
+39 , -38 , -33 , +01
+39 , -38 , -33 , +01
+39 , -38 , -33 , +01
+39 , -38 , -35 , +01
+39 , -38 , -36 , +01
+39 , -38 , -36 , +01
+39 , -38 , -36 , +01
+39 , -38 , -36 , +01
+39 , -39 , -38 , +01
+39 , -40 , -37 , +01
+39 , -39 , -39 , +01
+39 , -40 , -36 , +01
+39 , -39 , -36 , +01
+39 , -39 , -34 , +01
+39 , -38 , -32 , +01
+40 , -38 , -30 , +01
+40 , -38 , -29 , +01
+40 , -37 , -28 , +01
+40 , -37 , -30 , +01
+40 , -37 , -31 , +01
+40 , -37 , -33 , +01
+40 , -37 , -31 , +01
+40 , -37 , -33 , +01
+39 , -37 , -35 , +01
+39 , -37 , -37 , +01
+39 , -37 , -38 , +01
+39 , -36 , -38 , +01
+39 , -37 , -37 , +01
+39 , -36 , -39 , +01
+39 , -37 , -40 , +01
+39 , -37 , -42 , +01
+39 , -37 , -41 , +01
+39 , -37 , -38 , +01
+39 , -37 , -37 , +01
+39 , -37 , -38 , +00
+39 , -37 , -38 , +00
+39 , -37 , -39 , +00
+39 , -37 , -40 , +00
+39 , -37 , -41 , +00
+39 , -37 , -40 , +00
+39 , -38 , -39 , +00
+39 , -38 , -37 , +00
+39 , -38 , -37 , +01
+39 , -38 , -38 , +00
+39 , -38 , -38 , +01
+39 , -38 , -38 , +01
+39 , -38 , -36 , +01
+39 , -37 , -36 , +01
+39 , -37 , -38 , +01
+39 , -38 , -38 , +01
+39 , -38 , -37 , +01
+39 , -38 , -41 , +01
+39 , -38 , -43 , +01
+39 , -38 , -44 , +02
+39 , -37 , -43 , +02
+39 , -37 , -41 , +01
+39 , -36 , -40 , +01
+39 , -37 , -39 , +01
+39 , -38 , -34 , +01
+39 , -38 , -32 , +01
+39 , -39 , -29 , +01
+39 , -40 , -31 , +01
+39 , -40 , -30 , +01
+39 , -40 , -30 , +01
+39 , -39 , -30 , +01
+39 , -39 , -29 , +01
+40 , -38 , -28 , +01
+39 , -38 , -26 , +01
+40 , -38 , -28 , +01
+39 , -38 , -30 , +01
+39 , -37 , -30 , +01
+39 , -38 , -33 , +01
+39 , -37 , -34 , +02
+39 , -37 , -32 , +01
+39 , -38 , -30 , +01
+39 , -38 , -29 , +01
+39 , -38 , -26 , +01
+39 , -38 , -26 , +01
+39 , -38 , -26 , +01
+39 , -39 , -22 , +01
+39 , -38 , -22 , +01
+39 , -39 , -22 , +01
+39 , -39 , -20 , +01
+39 , -38 , -20 , +01
+39 , -38 , -21 , +01
+39 , -39 , -19 , +00
+38 , -39 , -19 , +00
+38 , -39 , -22 , +00
+39 , -39 , -21 , +00
+39 , -38 , -21 , +00
+39 , -38 , -23 , +00
+39 , -38 , -23 , +00
+39 , -37 , -23 , +00
+39 , -38 , -25 , +01
+39 , -38 , -24 , +01
+39 , -38 , -26 , +01
+39 , -37 , -27 , +01
+39 , -38 , -28 , +01
+39 , -38 , -29 , +01
+39 , -38 , -30 , +01
+39 , -39 , -31 , +01
+39 , -39 , -31 , +00
+39 , -38 , -33 , +01
+39 , -39 , -32 , +00
+39 , -40 , -32 , +00
+39 , -39 , -34 , +00
+39 , -39 , -36 , +00
+39 , -39 , -35 , +01
+39 , -40 , -34 , +01
+39 , -39 , -31 , +01
+39 , -39 , -33 , +01
+39 , -39 , -33 , +01
+39 , -38 , -32 , +01
+39 , -38 , -32 , +01
+39 , -39 , -34 , +01
+39 , -39 , -36 , +01
+39 , -39 , -36 , +01
+39 , -39 , -38 , +01
+39 , -38 , -40 , +01
+39 , -38 , -40 , +01
+39 , -38 , -39 , +01
+39 , -38 , -38 , +01
+39 , -37 , -40 , +01
+39 , -37 , -40 , +01
+39 , -37 , -41 , +01
+39 , -37 , -41 , +01
+39 , -37 , -42 , +01
+38 , -37 , -43 , +01
+38 , -37 , -40 , +01
+38 , -37 , -40 , +02
+38 , -36 , -37 , +01
+38 , -36 , -39 , +01
+38 , -37 , -39 , +01
+39 , -37 , -39 , +01
+39 , -37 , -40 , +01
+39 , -37 , -41 , +01
+39 , -38 , -39 , +01
+39 , -38 , -41 , +01
+39 , -38 , -40 , +01
+39 , -38 , -41 , +02
+38 , -38 , -38 , +01
+38 , -38 , -38 , +01
+39 , -38 , -36 , +01
+39 , -38 , -34 , +01
+39 , -39 , -33 , +01
+39 , -39 , -32 , +01
+39 , -39 , -33 , +01
+39 , -38 , -35 , +01
+39 , -38 , -37 , +01
+39 , -38 , -36 , +01
+39 , -37 , -35 , +01
+39 , -37 , -34 , +01
+39 , -37 , -32 , +01
+39 , -37 , -31 , +01
+39 , -37 , -33 , +01
+39 , -37 , -35 , +01
+39 , -37 , -35 , +01
+39 , -37 , -34 , +01
+39 , -36 , -32 , +01
+39 , -36 , -31 , +01
+39 , -36 , -34 , +01
+39 , -36 , -35 , +01
+39 , -36 , -32 , +01
+39 , -36 , -31 , +01
+39 , -37 , -33 , +01
+39 , -36 , -31 , +01
+38 , -37 , -33 , +00
+38 , -38 , -34 , +00
+39 , -38 , -33 , +01
+39 , -38 , -33 , +01
+39 , -38 , -32 , +01
+39 , -38 , -30 , +01
+38 , -38 , -29 , +01
+38 , -38 , -29 , +01
+39 , -38 , -28 , +01
+39 , -38 , -27 , +01
+39 , -38 , -26 , +01
+39 , -38 , -29 , +01
+39 , -38 , -27 , +01
+39 , -38 , -26 , +01
+39 , -38 , -26 , +02
+39 , -38 , -25 , +02
+39 , -39 , -27 , +01
+39 , -38 , -26 , +01
+39 , -38 , -25 , +01
+39 , -38 , -24 , +01
+39 , -38 , -25 , +01
+39 , -38 , -26 , +01
+39 , -38 , -27 , +01
+39 , -38 , -29 , +01
+39 , -39 , -32 , +01
+39 , -39 , -33 , +01
+39 , -39 , -33 , +01
+39 , -39 , -30 , +01
+39 , -40 , -30 , +02
+39 , -39 , -30 , +02
+39 , -40 , -30 , +02
+39 , -40 , -29 , +02
+39 , -39 , -32 , +02
+39 , -39 , -31 , +02
+39 , -39 , -31 , +02
+39 , -39 , -32 , +02
+39 , -38 , -32 , +02
+39 , -39 , -31 , +02
+39 , -39 , -35 , +02
+39 , -39 , -36 , +02
+39 , -39 , -38 , +02
+39 , -39 , -40 , +02
+39 , -39 , -39 , +02
+39 , -40 , -38 , +02
+39 , -40 , -37 , +02
+39 , -40 , -39 , +03
+39 , -40 , -40 , +02
+39 , -40 , -41 , +02
+39 , -40 , -41 , +02
+39 , -40 , -39 , +02
+39 , -39 , -38 , +01
+39 , -40 , -37 , +01
+39 , -40 , -34 , +02
+39 , -39 , -35 , +01
+39 , -39 , -36 , +02
+39 , -38 , -33 , +02
+39 , -38 , -33 , +02
+39 , -39 , -35 , +02
+39 , -39 , -37 , +01
+39 , -39 , -35 , +01
+39 , -40 , -35 , +02
+39 , -40 , -37 , +02
+39 , -41 , -37 , +02
+39 , -41 , -36 , +02
+39 , -40 , -35 , +01
+39 , -40 , -37 , +01
+39 , -40 , -36 , +01
+39 , -40 , -36 , +01
+39 , -41 , -35 , +01
+39 , -41 , -35 , +02
+39 , -42 , -34 , +01
+39 , -41 , -32 , +02
+39 , -40 , -32 , +02
+39 , -40 , -32 , +02
+39 , -41 , -31 , +01
+39 , -40 , -31 , +01
+38 , -40 , -30 , +01
+38 , -40 , -31 , +01
+38 , -39 , -29 , +01
+39 , -39 , -29 , +01
+39 , -39 , -31 , +01
+39 , -39 , -30 , +01
+39 , -39 , -28 , +01
+39 , -39 , -27 , +01
+39 , -39 , -27 , +01
+39 , -39 , -29 , +01
+38 , -39 , -32 , +01
+38 , -39 , -34 , +01
+38 , -39 , -34 , +01
+39 , -39 , -32 , +01
+38 , -38 , -32 , +01
+38 , -39 , -34 , +01
+38 , -38 , -36 , +01
+38 , -38 , -37 , +01
+38 , -38 , -35 , +01
+38 , -37 , -34 , +01
+38 , -37 , -36 , +01
+39 , -38 , -35 , +01
+39 , -38 , -37 , +01
+39 , -38 , -35 , +01
+39 , -38 , -36 , +01
+39 , -38 , -38 , +01
+39 , -37 , -37 , +01
+39 , -37 , -36 , +01
+39 , -37 , -38 , +01
+39 , -37 , -40 , +01
+39 , -37 , -38 , +01
+39 , -37 , -40 , +00
+39 , -37 , -39 , +00
+39 , -37 , -41 , +00
+39 , -37 , -40 , +00
+39 , -37 , -43 , +00
+39 , -37 , -45 , +00
+39 , -37 , -46 , +00
+39 , -37 , -42 , +00
+39 , -37 , -40 , +01
+39 , -37 , -38 , +00
+39 , -38 , -37 , +00
+39 , -38 , -36 , +00
+39 , -38 , -37 , +00
+39 , -37 , -39 , +00
+39 , -37 , -38 , +00
+39 , -37 , -38 , +00
+39 , -37 , -36 , +00
+39 , -37 , -38 , +00
+39 , -36 , -38 , +00
+39 , -36 , -37 , +00
+39 , -36 , -38 , +00
+39 , -36 , -38 , +00
+39 , -36 , -40 , +00
+39 , -37 , -36 , +00
+39 , -37 , -34 , +00
+39 , -37 , -30 , +00
+39 , -36 , -27 , +00
+39 , -36 , -27 , +00
+39 , -36 , -29 , +00
+39 , -36 , -28 , +00
+39 , -36 , -28 , +00
+39 , -36 , -28 , +00
+39 , -36 , -29 , +00
+39 , -36 , -31 , +00
+39 , -36 , -30 , +00
+39 , -36 , -32 , -01
+39 , -36 , -35 , +00
+39 , -36 , -34 , +00
+39 , -36 , -33 , +00
+39 , -36 , -35 , +00
+39 , -36 , -35 , +00
+39 , -36 , -37 , +01
+39 , -36 , -39 , +01
+39 , -36 , -40 , +01
+39 , -36 , -42 , +01
+39 , -36 , -42 , +01
+39 , -35 , -41 , +01
+39 , -35 , -42 , +01
+39 , -35 , -44 , +01
+39 , -35 , -41 , +01
+39 , -35 , -40 , +00
+39 , -35 , -39 , +00
+39 , -36 , -38 , +00
+39 , -37 , -38 , +00
+39 , -36 , -38 , +00
+39 , -37 , -37 , +00
+39 , -36 , -38 , +00
+39 , -37 , -37 , +00
+39 , -37 , -39 , +00
+39 , -37 , -41 , +00
+40 , -37 , -40 , +00
+40 , -36 , -39 , +00
+40 , -36 , -40 , +00
+40 , -36 , -39 , +01
+40 , -36 , -41 , +01
+40 , -36 , -42 , +01
+40 , -36 , -41 , +01
+40 , -35 , -40 , +01
+40 , -36 , -37 , +01
+40 , -36 , -35 , +01
+40 , -37 , -33 , +00
+40 , -37 , -33 , +00
+40 , -37 , -32 , +01
+40 , -38 , -34 , +01
+40 , -38 , -36 , +01
+40 , -37 , -37 , +01
+40 , -38 , -36 , +01
+40 , -38 , -36 , +01
+40 , -37 , -35 , +01
+40 , -37 , -35 , +01
+40 , -38 , -35 , +02
+40 , -38 , -34 , +02
+40 , -38 , -33 , +02
+40 , -37 , -33 , +01
+40 , -37 , -35 , +01
+40 , -38 , -32 , +02
+40 , -38 , -29 , +02
+40 , -38 , -30 , +01
+39 , -38 , -30 , +01
+39 , -37 , -29 , +01
+39 , -37 , -31 , +01
+39 , -35 , -36 , +01
+39 , -35 , -37 , +01
+39 , -35 , -37 , +00
+39 , -35 , -38 , +04
+39 , -36 , -35 , +04
+39 , -36 , -37 , -01
+39 , -36 , -36 , -01
+39 , -36 , -34 , -03
+39 , -36 , -33 , -01
+39 , -35 , -30 , +01
+39 , -35 , -33 , -02
+39 , -35 , -32 , +00
+02 , -35 , -30 , +02
+04 , -35 , -27 , +02
+05 , -35 , -27 , +01
+07 , -35 , -27 , -01
+12 , -04 , -29 , +01
+13 , -05 , -26 , +01
+15 , -07 , -26 , +02
+16 , -09 , -28 , +01
+17 , -10 , -28 , +01
+18 , -11 , -29 , +01
+19 , -13 , -29 , +03
+20 , -14 , -31 , -01
+22 , -16 , -02 , +01
+23 , -17 , -39 , +03
+24 , -18 , -56 , +02
+25 , -19 , -34 , +00
+25 , -20 , -33 , +00
+26 , -29 , -35 , -03
+27 , -29 , -29 , -02
+27 , -29 , -24 , -01
+29 , -35 , -22 , +02
+29 , -34 , -20 , +02
+29 , -33 , -40 , +01
+30 , -33 , -50 , -02
+30 , -33 , -62 , -01
+31 , -32 , -69 , +00
+31 , -31 , -28 , +00
+32 , -35 , -08 , +01
+33 , -35 , -13 , +01
+33 , -36 , -27 , +01
+33 , -35 , -51 , +00
+34 , -35 , -31 , +00
+34 , -35 , -50 , +01
+34 , -36 , -54 , +00
+35 , -36 , -55 , -01
+35 , -35 , -42 , +00
+36 , -34 , -43 , +01
+36 , -35 , -52 , +01
+36 , -34 , -62 , +01
+36 , -35 , -36 , +00
+36 , -36 , -56 , +00
+36 , -38 , -43 , +01
+37 , -38 , -30 , +01
+37 , -38 , -23 , +01
+37 , -38 , -49 , +01
+37 , -40 , -30 , +01
+37 , -41 , -22 , +01
+37 , -41 , -17 , +01
+37 , -40 , -18 , +01
+37 , -38 , -21 , +01
+37 , -36 , -42 , +01
+37 , -35 , -58 , +01
+37 , -39 , -62 , +02
+37 , -41 , -43 , +01
+38 , -40 , -31 , +01
+38 , -39 , -27 , +01
+38 , -38 , -30 , +01
+37 , -37 , -52 , +01
+38 , -39 , -56 , +01
+38 , -37 , -54 , +01
+38 , -37 , -65 , +02
+38 , -39 , -62 , +02
+38 , -38 , -59 , +02
+38 , -38 , -59 , +01
+38 , -38 , -60 , +01
+38 , -37 , -58 , +01
+38 , -39 , -56 , +01
+38 , -38 , -53 , +01
+38 , -38 , -51 , +01
+38 , -38 , -50 , +01
+38 , -39 , -47 , +01
+38 , -39 , -45 , +01
+38 , -39 , -46 , +01
+38 , -39 , -46 , +01
+38 , -38 , -45 , +01
+39 , -39 , -43 , +01
+39 , -39 , -44 , +01
+39 , -39 , -43 , +01
+38 , -39 , -43 , +01
+38 , -39 , -45 , +01
+39 , -38 , -46 , +01
+39 , -38 , -42 , +01
+39 , -38 , -40 , +01
+39 , -38 , -38 , +01
+39 , -38 , -38 , +01
+39 , -38 , -37 , +01
+39 , -38 , -34 , +01
+39 , -39 , -33 , +01
+39 , -38 , -33 , +01
+39 , -38 , -34 , +01
+39 , -38 , -34 , +01
+39 , -35 , -35 , +01
+39 , -35 , -35 , +01
+39 , -35 , -34 , +01
+39 , -35 , -36 , +01
+39 , -35 , -38 , +01
+39 , -35 , -37 , +01
+39 , -37 , -38 , +01
+39 , -37 , -36 , +01
+39 , -36 , -37 , +01
+39 , -37 , -34 , +01
+39 , -37 , -36 , +01
+39 , -37 , -35 , +01
+39 , -37 , -35 , +01
+39 , -37 , -34 , +01
+39 , -38 , -34 , +01
+39 , -37 , -32 , +01
+39 , -37 , -32 , +00
+39 , -37 , -32 , +01
+39 , -36 , -32 , +01
+39 , -36 , -32 , +01
+39 , -36 , -33 , +00
+39 , -36 , -32 , +00
+39 , -36 , -34 , +00
+39 , -36 , -31 , +00
+39 , -36 , -35 , +01
+39 , -35 , -37 , +01
+39 , -36 , -36 , +01
+39 , -36 , -36 , +01
+39 , -36 , -38 , +01
+39 , -36 , -35 , +01
+39 , -36 , -34 , +01
+39 , -36 , -35 , +01
+39 , -36 , -34 , +01
+39 , -36 , -34 , +01
+39 , -36 , -33 , +01
+40 , -36 , -32 , +02
+39 , -37 , -30 , +02
+39 , -38 , -29 , +02
+39 , -37 , -31 , +02
+39 , -38 , -36 , +02
+39 , -38 , -35 , +02
+39 , -38 , -35 , +02
+39 , -37 , -34 , +02
+39 , -38 , -36 , +01
+39 , -38 , -38 , +01
+39 , -38 , -37 , +01
+39 , -37 , -38 , +01
+39 , -37 , -37 , +01
+39 , -38 , -38 , +01
+39 , -38 , -40 , +00
+39 , -40 , -39 , +00
+39 , -39 , -41 , +00
+38 , -39 , -43 , +00
+38 , -39 , -44 , +00
+39 , -38 , -43 , +01
+39 , -38 , -41 , +00
+39 , -37 , -43 , +00
+39 , -38 , -43 , +00
+39 , -38 , -45 , +00
+39 , -38 , -46 , +00
+39 , -37 , -47 , +00
+39 , -37 , -44 , +01
+39 , -37 , -43 , +01
+39 , -37 , -44 , +01
+39 , -37 , -43 , +01
+39 , -37 , -43 , +01
+39 , -38 , -42 , +01
+39 , -39 , -43 , +01
+39 , -39 , -43 , +01
+39 , -39 , -42 , +01
+39 , -40 , -41 , +02
+39 , -39 , -39 , +01
+39 , -39 , -38 , +01
+39 , -40 , -38 , +01
+39 , -39 , -37 , +01
+39 , -39 , -37 , +00
+39 , -40 , -36 , +01
+39 , -40 , -36 , +01
+39 , -39 , -37 , +01
+39 , -39 , -36 , +01
+39 , -40 , -35 , +01
+39 , -40 , -35 , +01
+39 , -40 , -34 , +01
+39 , -41 , -31 , +01
+39 , -40 , -33 , +01
+39 , -40 , -33 , +01
+39 , -40 , -35 , +01
+39 , -39 , -34 , +01
