490.43 , 195.37 , 481.86 , 183.29
491.49 , 199.91 , 480.67 , 186.17
490.43 , 195.37 , 481.86 , 183.29
490.43 , 195.37 , 481.86 , 183.29
490.43 , 195.37 , 481.86 , 183.29
488.58 , 195.28 , 479.41 , 182.50
491.74 , 186.64 , 485.99 , 176.53
487.95 , 182.12 , 484.51 , 174.48
488.67 , 186.49 , 483.78 , 177.44
488.67 , 186.49 , 483.78 , 177.44
488.67 , 186.49 , 483.78 , 177.44
489.49 , 190.90 , 482.90 , 180.38
490.43 , 195.37 , 481.86 , 183.29
489.49 , 190.90 , 482.90 , 180.38
489.46 , 189.38 , 483.05 , 179.29
488.67 , 186.49 , 483.78 , 177.44
488.67 , 186.49 , 483.78 , 177.44
486.66 , 184.88 , 481.40 , 175.53
486.66 , 184.88 , 481.40 , 175.53
485.89 , 180.52 , 482.08 , 172.57
487.95 , 182.12 , 484.51 , 174.48
486.66 , 184.88 , 481.40 , 175.53
486.66 , 184.88 , 481.40 , 175.53
488.67 , 186.49 , 483.78 , 177.44
493.75 , 186.72 , 488.56 , 177.35
489.49 , 190.90 , 482.90 , 180.38
488.67 , 186.49 , 483.78 , 177.44
490.68 , 186.56 , 486.28 , 178.26
491.44 , 190.98 , 485.38 , 181.20
491.44 , 190.98 , 485.38 , 181.20
491.44 , 190.98 , 485.38 , 181.20
490.68 , 186.56 , 486.28 , 178.26
490.68 , 186.56 , 486.28 , 178.26
490.03 , 182.19 , 487.02 , 175.30
487.95 , 182.12 , 484.51 , 174.48
490.91 , 182.24 , 486.74 , 173.57
490.65 , 185.06 , 486.42 , 177.19
489.46 , 189.38 , 483.05 , 179.29
488.63 , 184.97 , 483.91 , 176.35
486.66 , 184.88 , 481.40 , 175.53
488.63 , 184.97 , 483.91 , 176.35
485.89 , 180.52 , 482.08 , 172.57
485.89 , 180.52 , 482.08 , 172.57
485.89 , 180.52 , 482.08 , 172.57
487.32 , 176.28 , 485.15 , 170.41
485.89 , 180.52 , 482.08 , 172.57
485.89 , 180.52 , 482.08 , 172.57
485.27 , 177.75 , 482.56 , 170.69
485.23 , 176.21 , 482.61 , 169.59
485.93 , 182.06 , 482.01 , 173.68
483.96 , 182.00 , 479.51 , 172.90
483.96 , 182.00 , 479.51 , 172.90
485.93 , 182.06 , 482.01 , 173.68
488.89 , 182.18 , 484.16 , 172.77
488.89 , 182.18 , 484.16 , 172.77
490.74 , 189.50 , 482.65 , 177.57
490.74 , 189.50 , 482.65 , 177.57
490.74 , 189.50 , 482.65 , 177.57
490.74 , 189.50 , 482.65 , 177.57
488.54 , 193.75 , 479.57 , 181.38
491.86 , 194.02 , 481.63 , 180.46
488.54 , 193.75 , 479.57 , 181.38
488.54 , 193.75 , 479.57 , 181.38
489.66 , 198.28 , 478.42 , 184.25
489.66 , 198.28 , 478.42 , 184.25
488.54 , 193.75 , 479.57 , 181.38
488.54 , 193.75 , 479.57 , 181.38
488.54 , 193.75 , 479.57 , 181.38
487.55 , 189.28 , 480.56 , 178.47
487.55 , 189.28 , 480.56 , 178.47
487.55 , 189.28 , 480.56 , 178.47
487.55 , 189.28 , 480.56 , 178.47
488.63 , 184.97 , 483.91 , 176.35
488.63 , 184.97 , 483.91 , 176.35
491.42 , 189.48 , 485.55 , 180.13
489.46 , 189.38 , 483.05 , 179.29
491.44 , 190.98 , 485.38 , 181.20
492.65 , 189.60 , 485.21 , 178.39
494.61 , 189.71 , 487.79 , 179.23
494.64 , 191.18 , 487.63 , 180.28
494.61 , 189.71 , 487.79 , 179.23
494.64 , 191.18 , 487.63 , 180.28
494.64 , 191.18 , 487.63 , 180.28
494.64 , 191.18 , 487.63 , 180.28
493.75 , 186.72 , 488.56 , 177.35
496.93 , 186.88 , 490.82 , 176.42
494.64 , 191.18 , 487.63 , 180.28
491.74 , 186.64 , 485.99 , 176.53
494.92 , 186.80 , 488.17 , 175.60
494.92 , 186.80 , 488.17 , 175.60
493.97 , 182.36 , 488.95 , 172.65
490.20 , 177.88 , 487.33 , 170.59
490.20 , 177.88 , 487.33 , 170.59
489.61 , 173.56 , 487.76 , 167.60
489.61 , 173.56 , 487.76 , 167.60
490.20 , 177.88 , 487.33 , 170.59
488.12 , 177.83 , 484.74 , 169.79
490.91 , 182.24 , 486.74 , 173.57
488.89 , 182.18 , 484.16 , 172.77
488.89 , 182.18 , 484.16 , 172.77
488.89 , 182.18 , 484.16 , 172.77
488.12 , 177.83 , 484.74 , 169.79
488.12 , 177.83 , 484.74 , 169.79
488.12 , 177.83 , 484.74 , 169.79
488.89 , 182.18 , 484.16 , 172.77
486.09 , 177.79 , 482.16 , 169.01
486.04 , 176.25 , 482.18 , 167.90
483.24 , 177.70 , 480.05 , 169.91
485.89 , 180.52 , 482.08 , 172.57
485.23 , 176.21 , 482.61 , 169.59
483.91 , 180.44 , 479.57 , 171.77
483.91 , 180.44 , 479.57 , 171.77
483.91 , 180.44 , 479.57 , 171.77
483.19 , 176.15 , 480.09 , 168.78
483.19 , 176.15 , 480.09 , 168.78
484.67 , 171.94 , 482.99 , 166.59
484.71 , 173.48 , 482.97 , 167.69
485.36 , 173.49 , 482.57 , 166.02
488.12 , 177.83 , 484.74 , 169.79
488.12 , 177.83 , 484.74 , 169.79
486.09 , 177.79 , 482.16 , 169.01
486.09 , 177.79 , 482.16 , 169.01
486.09 , 177.79 , 482.16 , 169.01
488.12 , 177.83 , 484.74 , 169.79
488.89 , 182.18 , 484.16 , 172.77
487.59 , 190.82 , 480.43 , 179.59
489.49 , 190.90 , 482.90 , 180.38
487.59 , 190.82 , 480.43 , 179.59
490.43 , 195.37 , 481.86 , 183.29
487.59 , 190.82 , 480.43 , 179.59
487.59 , 190.82 , 480.43 , 179.59
486.70 , 186.41 , 481.29 , 176.65
489.49 , 190.90 , 482.90 , 180.38
487.59 , 190.82 , 480.43 , 179.59
488.58 , 195.28 , 479.41 , 182.50
490.78 , 191.02 , 482.54 , 178.67
489.78 , 186.57 , 483.43 , 175.73
491.74 , 186.64 , 485.99 , 176.53
489.78 , 186.57 , 483.43 , 175.73
491.74 , 186.64 , 485.99 , 176.53
491.74 , 186.64 , 485.99 , 176.53
491.74 , 186.64 , 485.99 , 176.53
499.94 , 192.90 , 492.39 , 181.20
495.64 , 197.18 , 486.41 , 184.25
501.03 , 197.49 , 491.21 , 184.10
495.64 , 197.18 , 486.41 , 184.25
495.64 , 197.18 , 486.41 , 184.25
499.09 , 195.97 , 488.73 , 182.24
499.09 , 197.42 , 488.62 , 183.29
499.09 , 195.97 , 488.73 , 182.24
499.09 , 197.42 , 488.62 , 183.29
496.79 , 201.79 , 485.14 , 187.13
495.65 , 195.71 , 486.54 , 183.18
500.38 , 202.08 , 487.30 , 186.15
495.64 , 197.18 , 486.41 , 184.25
493.75 , 195.62 , 484.01 , 182.37
494.95 , 200.22 , 482.78 , 185.24
494.95 , 201.71 , 482.65 , 186.33
496.79 , 200.31 , 485.29 , 186.05
496.79 , 200.31 , 485.29 , 186.05
495.65 , 195.71 , 486.54 , 183.18
495.65 , 195.71 , 486.54 , 183.18
494.64 , 191.18 , 487.63 , 180.28
492.68 , 191.10 , 485.08 , 179.46
492.68 , 191.10 , 485.08 , 179.46
493.75 , 186.72 , 488.56 , 177.35
494.63 , 192.65 , 487.53 , 181.34
495.64 , 197.18 , 486.41 , 184.25
494.95 , 200.22 , 482.78 , 185.24
491.90 , 195.53 , 481.49 , 181.57
490.78 , 191.02 , 482.54 , 178.67
490.78 , 191.02 , 482.54 , 178.67
490.78 , 191.02 , 482.54 , 178.67
489.78 , 186.57 , 483.43 , 175.73
487.86 , 186.50 , 480.88 , 174.95
490.78 , 191.02 , 482.54 , 178.67
487.59 , 190.82 , 480.43 , 179.59
487.59 , 190.82 , 480.43 , 179.59
490.43 , 195.37 , 481.86 , 183.29
493.75 , 195.62 , 484.01 , 182.37
493.75 , 195.62 , 484.01 , 182.37
493.75 , 195.62 , 484.01 , 182.37
493.75 , 195.62 , 484.01 , 182.37
491.90 , 195.53 , 481.49 , 181.57
491.90 , 195.53 , 481.49 , 181.57
491.90 , 195.53 , 481.49 , 181.57
488.92 , 190.94 , 480.00 , 177.89
490.78 , 191.02 , 482.54 , 178.67
489.78 , 186.57 , 483.43 , 175.73
490.78 , 191.02 , 482.54 , 178.67
492.68 , 191.10 , 485.08 , 179.46
490.78 , 191.02 , 482.54 , 178.67
491.90 , 195.53 , 481.49 , 181.57
491.90 , 195.53 , 481.49 , 181.57
491.90 , 195.53 , 481.49 , 181.57
491.90 , 195.53 , 481.49 , 181.57
493.75 , 195.62 , 484.01 , 182.37
492.68 , 191.10 , 485.08 , 179.46
492.68 , 191.10 , 485.08 , 179.46
493.75 , 195.62 , 484.01 , 182.37
498.54 , 200.54 , 484.86 , 184.28
494.95 , 200.22 , 482.78 , 185.24
495.65 , 195.71 , 486.54 , 183.18
493.75 , 195.62 , 484.01 , 182.37
495.65 , 195.71 , 486.54 , 183.18
494.64 , 191.18 , 487.63 , 180.28
493.75 , 195.62 , 484.01 , 182.37
494.64 , 191.18 , 487.63 , 180.28
493.75 , 195.62 , 484.01 , 182.37
492.68 , 191.10 , 485.08 , 179.46
492.68 , 191.10 , 485.08 , 179.46
491.74 , 186.64 , 485.99 , 176.53
491.74 , 186.64 , 485.99 , 176.53
491.74 , 186.64 , 485.99 , 176.53
492.68 , 191.10 , 485.08 , 179.46
488.67 , 186.49 , 483.78 , 177.44
490.68 , 186.56 , 486.28 , 178.26
491.42 , 189.48 , 485.55 , 180.13
491.44 , 190.98 , 485.38 , 181.20
492.68 , 191.10 , 485.08 , 179.46
493.75 , 195.62 , 484.01 , 182.37
492.68 , 191.10 , 485.08 , 179.46
492.68 , 191.10 , 485.08 , 179.46
489.49 , 190.90 , 482.90 , 180.38
489.49 , 190.90 , 482.90 , 180.38
489.49 , 190.90 , 482.90 , 180.38
493.75 , 186.72 , 488.56 , 177.35
494.64 , 191.18 , 487.63 , 180.28
494.64 , 191.18 , 487.63 , 180.28
495.65 , 195.71 , 486.54 , 183.18
494.64 , 191.18 , 487.63 , 180.28
497.94 , 191.39 , 489.86 , 179.34
494.63 , 192.65 , 487.53 , 181.34
493.75 , 186.72 , 488.56 , 177.35
493.75 , 186.72 , 488.56 , 177.35
492.68 , 191.10 , 485.08 , 179.46
492.68 , 191.10 , 485.08 , 179.46
493.75 , 195.62 , 484.01 , 182.37
493.75 , 195.62 , 484.01 , 182.37
491.90 , 195.53 , 481.49 , 181.57
493.75 , 195.62 , 484.01 , 182.37
492.68 , 191.10 , 485.08 , 179.46
490.78 , 191.02 , 482.54 , 178.67
493.75 , 195.62 , 484.01 , 182.37
490.78 , 191.02 , 482.54 , 178.67
490.78 , 191.02 , 482.54 , 178.67
489.78 , 186.57 , 483.43 , 175.73
489.78 , 186.57 , 483.43 , 175.73
489.78 , 186.57 , 483.43 , 175.73
489.78 , 186.57 , 483.43 , 175.73
490.78 , 191.02 , 482.54 , 178.67
492.68 , 191.10 , 485.08 , 179.46
495.99 , 191.31 , 487.23 , 178.52
491.74 , 186.64 , 485.99 , 176.53
491.74 , 186.64 , 485.99 , 176.53
492.96 , 186.73 , 485.54 , 174.80
494.09 , 191.23 , 484.61 , 177.72
495.99 , 191.31 , 487.23 , 178.52
494.92 , 186.80 , 488.17 , 175.60
494.92 , 186.80 , 488.17 , 175.60
495.99 , 191.31 , 487.23 , 178.52
493.75 , 195.62 , 484.01 , 182.37
492.68 , 191.10 , 485.08 , 179.46
493.75 , 195.62 , 484.01 , 182.37
493.75 , 195.62 , 484.01 , 182.37
490.78 , 191.02 , 482.54 , 178.67
487.59 , 190.82 , 480.43 , 179.59
489.78 , 186.57 , 483.43 , 175.73
489.78 , 186.57 , 483.43 , 175.73
490.91 , 182.24 , 486.74 , 173.57
490.91 , 182.24 , 486.74 , 173.57
490.91 , 182.24 , 486.74 , 173.57
490.91 , 182.24 , 486.74 , 173.57
488.89 , 182.18 , 484.16 , 172.77
489.78 , 186.57 , 483.43 , 175.73
489.78 , 186.57 , 483.43 , 175.73
487.86 , 186.50 , 480.88 , 174.95
486.93 , 183.65 , 481.61 , 173.11
486.92 , 182.12 , 481.60 , 171.99
486.93 , 183.65 , 481.61 , 173.11
486.92 , 182.12 , 481.60 , 171.99
484.99 , 182.06 , 479.04 , 171.23
486.92 , 182.12 , 481.60 , 171.99
486.09 , 177.79 , 482.16 , 169.01
486.92 , 182.12 , 481.60 , 171.99
486.92 , 182.12 , 481.60 , 171.99
487.86 , 186.50 , 480.88 , 174.95
486.92 , 182.12 , 481.60 , 171.99
487.86 , 186.50 , 480.88 , 174.95
486.92 , 182.12 , 481.60 , 171.99
487.86 , 186.50 , 480.88 , 174.95
487.86 , 186.50 , 480.88 , 174.95
488.92 , 190.94 , 480.00 , 177.89
488.92 , 190.94 , 480.00 , 177.89
489.78 , 186.57 , 483.43 , 175.73
490.78 , 191.02 , 482.54 , 178.67
490.78 , 191.02 , 482.54 , 178.67
493.75 , 195.62 , 484.01 , 182.37
488.58 , 195.28 , 479.41 , 182.50
493.15 , 200.13 , 480.29 , 184.44
494.54 , 204.80 , 478.93 , 187.27
494.54 , 204.80 , 478.93 , 187.27
494.54 , 204.80 , 478.93 , 187.27
490.94 , 204.44 , 476.93 , 188.22
491.49 , 199.91 , 480.67 , 186.17
492.68 , 204.53 , 479.32 , 189.01
494.01 , 209.24 , 477.83 , 191.81
492.31 , 209.15 , 475.47 , 191.02
496.07 , 209.58 , 477.43 , 190.06
490.94 , 204.44 , 476.93 , 188.22
490.94 , 204.44 , 476.93 , 188.22
494.01 , 209.24 , 477.83 , 191.81
494.01 , 209.24 , 477.83 , 191.81
492.68 , 204.53 , 479.32 , 189.01
490.94 , 204.44 , 476.93 , 188.22
492.27 , 207.61 , 475.69 , 189.87
490.94 , 204.44 , 476.93 , 188.22
494.01 , 209.24 , 477.83 , 191.81
490.94 , 204.44 , 476.93 , 188.22
490.94 , 204.44 , 476.93 , 188.22
492.68 , 204.53 , 479.32 , 189.01
492.65 , 203.01 , 479.55 , 187.90
490.90 , 202.90 , 477.13 , 187.08
490.90 , 202.90 , 477.13 , 187.08
490.94 , 204.44 , 476.93 , 188.22
489.70 , 199.82 , 478.24 , 185.38
490.94 , 204.44 , 476.93 , 188.22
492.31 , 209.15 , 475.47 , 191.02
490.94 , 204.44 , 476.93 , 188.22
490.94 , 204.44 , 476.93 , 188.22
489.70 , 199.82 , 478.24 , 185.38
487.89 , 198.17 , 475.99 , 183.45
486.73 , 193.64 , 477.11 , 180.58
487.94 , 199.73 , 475.83 , 184.60
490.09 , 195.45 , 478.98 , 180.79
490.05 , 193.91 , 479.10 , 179.66
490.09 , 195.45 , 478.98 , 180.79
486.77 , 195.20 , 476.97 , 181.72
485.73 , 190.74 , 477.97 , 178.81
488.92 , 190.94 , 480.00 , 177.89
488.92 , 190.94 , 480.00 , 177.89
487.59 , 190.82 , 480.43 , 179.59
488.58 , 195.28 , 479.41 , 182.50
488.58 , 195.28 , 479.41 , 182.50
490.09 , 195.45 , 478.98 , 180.79
486.77 , 195.20 , 476.97 , 181.72
490.09 , 195.45 , 478.98 , 180.79
486.77 , 195.20 , 476.97 , 181.72
487.94 , 199.73 , 475.83 , 184.60
489.23 , 204.34 , 474.54 , 187.44
487.94 , 199.73 , 475.83 , 184.60
487.94 , 199.73 , 475.83 , 184.60
486.77 , 195.20 , 476.97 , 181.72
486.77 , 195.20 , 476.97 , 181.72
486.77 , 195.20 , 476.97 , 181.72
486.77 , 195.20 , 476.97 , 181.72
485.68 , 189.18 , 478.08 , 177.67
484.79 , 186.34 , 478.81 , 175.87
485.73 , 190.74 , 477.97 , 178.81
484.74 , 184.79 , 478.90 , 174.73
483.91 , 180.44 , 479.57 , 171.77
483.91 , 180.44 , 479.57 , 171.77
483.96 , 182.00 , 479.51 , 172.90
483.96 , 182.00 , 479.51 , 172.90
483.96 , 182.00 , 479.51 , 172.90
483.91 , 180.44 , 479.57 , 171.77
481.06 , 180.31 , 477.47 , 172.64
480.43 , 176.05 , 477.97 , 169.64
481.06 , 180.31 , 477.47 , 172.64
481.06 , 180.31 , 477.47 , 172.64
480.43 , 176.05 , 477.97 , 169.64
479.12 , 180.23 , 475.03 , 171.85
479.12 , 180.23 , 475.03 , 171.85
481.06 , 180.31 , 477.47 , 172.64
478.44 , 175.98 , 475.52 , 168.86
483.19 , 176.15 , 480.09 , 168.78
483.24 , 177.70 , 480.05 , 169.91
483.24 , 177.70 , 480.05 , 169.91
483.91 , 180.44 , 479.57 , 171.77
487.55 , 189.28 , 480.56 , 178.47
486.66 , 184.88 , 481.40 , 175.53
484.74 , 184.79 , 478.90 , 174.73
486.66 , 184.88 , 481.40 , 175.53
485.68 , 189.18 , 478.08 , 177.67
485.68 , 189.18 , 478.08 , 177.67
486.73 , 193.64 , 477.11 , 180.58
482.60 , 188.97 , 476.02 , 178.55
486.73 , 193.64 , 477.11 , 180.58
486.73 , 193.64 , 477.11 , 180.58
483.85 , 189.09 , 475.60 , 176.89
484.74 , 184.79 , 478.90 , 174.73
481.78 , 184.61 , 476.82 , 175.61
484.74 , 184.79 , 478.90 , 174.73
484.74 , 184.79 , 478.90 , 174.73
485.68 , 189.18 , 478.08 , 177.67
486.73 , 193.64 , 477.11 , 180.58
486.73 , 193.64 , 477.11 , 180.58
485.68 , 189.18 , 478.08 , 177.67
484.74 , 184.79 , 478.90 , 174.73
483.91 , 180.44 , 479.57 , 171.77
487.55 , 189.28 , 480.56 , 178.47
484.74 , 184.79 , 478.90 , 174.73
485.68 , 189.18 , 478.08 , 177.67
487.55 , 189.28 , 480.56 , 178.47
484.74 , 184.79 , 478.90 , 174.73
485.68 , 189.18 , 478.08 , 177.67
483.85 , 189.09 , 475.60 , 176.89
483.91 , 190.66 , 475.51 , 178.05
482.92 , 186.28 , 476.34 , 175.11
482.92 , 186.28 , 476.34 , 175.11
482.03 , 181.94 , 477.02 , 172.14
481.25 , 177.66 , 477.55 , 169.15
482.03 , 181.94 , 477.02 , 172.14
481.25 , 177.66 , 477.55 , 169.15
481.25 , 177.66 , 477.55 , 169.15
480.57 , 173.41 , 477.93 , 166.15
483.32 , 173.46 , 479.98 , 165.26
480.58 , 169.20 , 477.64 , 161.50
481.32 , 173.43 , 477.40 , 164.51
481.32 , 173.43 , 477.40 , 164.51
481.32 , 173.43 , 477.40 , 164.51
484.10 , 177.74 , 479.59 , 168.25
484.05 , 176.19 , 479.59 , 167.12
484.10 , 177.74 , 479.59 , 168.25
483.32 , 173.46 , 479.98 , 165.26
484.05 , 176.19 , 479.59 , 167.12
484.10 , 177.74 , 479.59 , 168.25
485.36 , 173.49 , 482.57 , 166.02
486.09 , 177.79 , 482.16 , 169.01
486.09 , 177.79 , 482.16 , 169.01
487.81 , 184.97 , 480.95 , 173.84
490.74 , 189.50 , 482.65 , 177.57
490.74 , 189.50 , 482.65 , 177.57
493.72 , 194.12 , 484.17 , 181.29
492.68 , 191.10 , 485.08 , 179.46
492.68 , 191.10 , 485.08 , 179.46
491.74 , 186.64 , 485.99 , 176.53
491.74 , 186.64 , 485.99 , 176.53
491.74 , 186.64 , 485.99 , 176.53
488.89 , 182.18 , 484.16 , 172.77
488.89 , 182.18 , 484.16 , 172.77
488.89 , 182.18 , 484.16 , 172.77
488.89 , 182.18 , 484.16 , 172.77
489.78 , 186.57 , 483.43 , 175.73
487.86 , 186.50 , 480.88 , 174.95
490.78 , 191.02 , 482.54 , 178.67
489.78 , 186.57 , 483.43 , 175.73
490.78 , 191.02 , 482.54 , 178.67
488.92 , 190.94 , 480.00 , 177.89
490.78 , 191.02 , 482.54 , 178.67
490.78 , 191.02 , 482.54 , 178.67
490.78 , 191.02 , 482.54 , 178.67
490.78 , 191.02 , 482.54 , 178.67
488.92 , 190.94 , 480.00 , 177.89
490.09 , 195.45 , 478.98 , 180.79
490.09 , 195.45 , 478.98 , 180.79
490.74 , 189.50 , 482.65 , 177.57
490.78 , 191.02 , 482.54 , 178.67
488.92 , 190.94 , 480.00 , 177.89
492.23 , 191.15 , 482.01 , 176.94
487.86 , 186.50 , 480.88 , 174.95
487.81 , 184.97 , 480.95 , 173.84
487.86 , 186.50 , 480.88 , 174.95
492.18 , 189.64 , 482.10 , 175.84
492.23 , 191.15 , 482.01 , 176.94
487.86 , 186.50 , 480.88 , 174.95
488.85 , 180.66 , 484.23 , 171.68
489.73 , 185.05 , 483.52 , 174.64
492.18 , 189.64 , 482.10 , 175.84
488.87 , 189.41 , 480.10 , 176.76
488.87 , 189.41 , 480.10 , 176.76
490.78 , 191.02 , 482.54 , 178.67
490.74 , 189.50 , 482.65 , 177.57
490.74 , 189.50 , 482.65 , 177.57
490.74 , 189.50 , 482.65 , 177.57
490.74 , 189.50 , 482.65 , 177.57
488.92 , 190.94 , 480.00 , 177.89
487.86 , 186.50 , 480.88 , 174.95
487.86 , 186.50 , 480.88 , 174.95
488.89 , 182.18 , 484.16 , 172.77
487.86 , 186.50 , 480.88 , 174.95
487.86 , 186.50 , 480.88 , 174.95
488.92 , 190.94 , 480.00 , 177.89
488.87 , 189.41 , 480.10 , 176.76
494.09 , 191.23 , 484.61 , 177.72
492.96 , 186.73 , 485.54 , 174.80
492.96 , 186.73 , 485.54 , 174.80
491.04 , 186.66 , 482.91 , 174.02
488.05 , 182.18 , 481.03 , 170.31
488.05 , 182.18 , 481.03 , 170.31
488.05 , 182.18 , 481.03 , 170.31
489.98 , 182.24 , 483.66 , 171.07
491.04 , 186.66 , 482.91 , 174.02
491.04 , 186.66 , 482.91 , 174.02
489.98 , 182.24 , 483.66 , 171.07
492.23 , 191.15 , 482.01 , 176.94
487.34 , 186.53 , 477.71 , 172.52
487.34 , 186.53 , 477.71 , 172.52
487.34 , 186.53 , 477.71 , 172.52
489.17 , 186.59 , 480.30 , 173.26
487.34 , 186.53 , 477.71 , 172.52
487.34 , 186.53 , 477.71 , 172.52
485.48 , 184.89 , 475.13 , 170.62
487.28 , 184.98 , 477.73 , 171.37
485.48 , 184.89 , 475.13 , 170.62
482.30 , 184.71 , 473.30 , 171.54
483.04 , 180.43 , 476.50 , 169.33
482.30 , 184.71 , 473.30 , 171.54
482.30 , 184.71 , 473.30 , 171.54
481.19 , 180.36 , 473.94 , 168.58
481.19 , 180.36 , 473.94 , 168.58
481.19 , 180.36 , 473.94 , 168.58
481.03 , 184.61 , 473.92 , 173.18
482.07 , 188.99 , 473.14 , 176.12
481.03 , 184.61 , 473.92 , 173.18
482.86 , 184.70 , 476.41 , 173.95
483.85 , 189.09 , 475.60 , 176.89
483.85 , 189.09 , 475.60 , 176.89
487.04 , 189.31 , 477.56 , 175.98
483.85 , 189.09 , 475.60 , 176.89
484.74 , 184.79 , 478.90 , 174.73
485.68 , 189.18 , 478.08 , 177.67
487.55 , 189.28 , 480.56 , 178.47
486.66 , 184.88 , 481.40 , 175.53
485.89 , 180.52 , 482.08 , 172.57
484.74 , 184.79 , 478.90 , 174.73
486.66 , 184.88 , 481.40 , 175.53
485.89 , 180.52 , 482.08 , 172.57
485.89 , 180.52 , 482.08 , 172.57
487.55 , 189.28 , 480.56 , 178.47
487.55 , 189.28 , 480.56 , 178.47
487.55 , 189.28 , 480.56 , 178.47
490.40 , 193.85 , 482.03 , 182.19
490.40 , 193.85 , 482.03 , 182.19
490.43 , 195.37 , 481.86 , 183.29
493.75 , 195.62 , 484.01 , 182.37
493.75 , 195.62 , 484.01 , 182.37
492.68 , 191.10 , 485.08 , 179.46
492.68 , 191.10 , 485.08 , 179.46
494.64 , 191.18 , 487.63 , 180.28
493.75 , 195.62 , 484.01 , 182.37
493.75 , 195.62 , 484.01 , 182.37
493.75 , 195.62 , 484.01 , 182.37
491.90 , 195.53 , 481.49 , 181.57
491.90 , 195.53 , 481.49 , 181.57
490.78 , 191.02 , 482.54 , 178.67
492.68 , 191.10 , 485.08 , 179.46
490.78 , 191.02 , 482.54 , 178.67
490.78 , 191.02 , 482.54 , 178.67
491.90 , 195.53 , 481.49 , 181.57
491.90 , 195.53 , 481.49 , 181.57
491.90 , 195.53 , 481.49 , 181.57
490.78 , 191.02 , 482.54 , 178.67
489.78 , 186.57 , 483.43 , 175.73
489.78 , 186.57 , 483.43 , 175.73
489.78 , 186.57 , 483.43 , 175.73
489.78 , 186.57 , 483.43 , 175.73
488.89 , 182.18 , 484.16 , 172.77
488.89 , 182.18 , 484.16 , 172.77
493.15 , 177.97 , 489.57 , 169.68
493.15 , 177.97 , 489.57 , 169.68
488.12 , 177.83 , 484.74 , 169.79
487.46 , 173.53 , 485.16 , 166.80
487.46 , 173.53 , 485.16 , 166.80
490.30 , 173.58 , 487.34 , 165.89
491.70 , 185.15 , 486.10 , 175.46
492.65 , 189.60 , 485.21 , 178.39
492.65 , 189.60 , 485.21 , 178.39
490.74 , 189.50 , 482.65 , 177.57
489.73 , 185.05 , 483.52 , 174.64
491.74 , 186.64 , 485.99 , 176.53
486.66 , 184.88 , 481.40 , 175.53
490.74 , 189.50 , 482.65 , 177.57
487.55 , 189.28 , 480.56 , 178.47
487.55 , 189.28 , 480.56 , 178.47
490.78 , 191.02 , 482.54 , 178.67
490.78 , 191.02 , 482.54 , 178.67
489.78 , 186.57 , 483.43 , 175.73
492.68 , 191.10 , 485.08 , 179.46
491.74 , 186.64 , 485.99 , 176.53
490.91 , 182.24 , 486.74 , 173.57
490.91 , 182.24 , 486.74 , 173.57
488.63 , 184.97 , 483.91 , 176.35
490.65 , 185.06 , 486.42 , 177.19
490.00 , 180.69 , 487.14 , 174.23
487.95 , 182.12 , 484.51 , 174.48
487.95 , 182.12 , 484.51 , 174.48
488.67 , 186.49 , 483.78 , 177.44
488.67 , 186.49 , 483.78 , 177.44
488.67 , 186.49 , 483.78 , 177.44
489.49 , 190.90 , 482.90 , 180.38
489.46 , 189.38 , 483.05 , 179.29
488.67 , 186.49 , 483.78 , 177.44
487.95 , 182.12 , 484.51 , 174.48
487.95 , 182.12 , 484.51 , 174.48
488.67 , 186.49 , 483.78 , 177.44
489.49 , 190.90 , 482.90 , 180.38
491.74 , 186.64 , 485.99 , 176.53
491.44 , 190.98 , 485.38 , 181.20
495.65 , 195.71 , 486.54 , 183.18
495.65 , 195.71 , 486.54 , 183.18
494.64 , 191.18 , 487.63 , 180.28
494.64 , 191.18 , 487.63 , 180.28
495.64 , 197.18 , 486.41 , 184.25
495.64 , 197.18 , 486.41 , 184.25
498.07 , 206.47 , 483.70 , 189.97
496.79 , 200.31 , 485.29 , 186.05
496.79 , 200.31 , 485.29 , 186.05
496.79 , 200.31 , 485.29 , 186.05
496.79 , 200.31 , 485.29 , 186.05
494.64 , 191.18 , 487.63 , 180.28
495.65 , 195.71 , 486.54 , 183.18
496.79 , 200.31 , 485.29 , 186.05
498.08 , 205.00 , 483.88 , 188.88
499.92 , 205.10 , 486.36 , 189.72
499.92 , 205.10 , 486.36 , 189.72
501.29 , 209.88 , 484.77 , 192.50
499.92 , 205.10 , 486.36 , 189.72
499.92 , 205.10 , 486.36 , 189.72
498.69 , 200.41 , 487.80 , 186.89
496.79 , 200.31 , 485.29 , 186.05
496.79 , 200.31 , 485.29 , 186.05
495.65 , 195.71 , 486.54 , 183.18
492.68 , 191.10 , 485.08 , 179.46
497.94 , 191.39 , 489.86 , 179.34
494.64 , 191.18 , 487.63 , 180.28
493.75 , 186.72 , 488.56 , 177.35
493.75 , 186.72 , 488.56 , 177.35
492.68 , 191.10 , 485.08 , 179.46
495.65 , 195.71 , 486.54 , 183.18
492.68 , 191.10 , 485.08 , 179.46
495.64 , 197.18 , 486.41 , 184.25
499.09 , 197.42 , 488.62 , 183.29
498.54 , 202.01 , 484.74 , 185.36
496.75 , 201.93 , 482.20 , 184.58
491.90 , 195.53 , 481.49 , 181.57
490.78 , 192.53 , 482.48 , 179.77
490.78 , 191.02 , 482.54 , 178.67
493.75 , 197.11 , 483.90 , 183.46
485.38 , 175.03 , 482.63 , 167.13
484.76 , 170.77 , 482.91 , 164.12
484.76 , 170.77 , 482.91 , 164.12
483.34 , 175.01 , 480.06 , 166.39
486.10 , 179.32 , 482.20 , 170.13
488.13 , 179.35 , 484.76 , 170.88
485.38 , 175.03 , 482.63 , 167.13
485.38 , 175.03 , 482.63 , 167.13
487.46 , 175.04 , 485.21 , 167.89
487.46 , 175.04 , 485.21 , 167.89
487.46 , 175.04 , 485.21 , 167.89
490.20 , 179.38 , 487.34 , 171.66
490.20 , 179.38 , 487.34 , 171.66
490.20 , 179.38 , 487.34 , 171.66
490.20 , 177.88 , 487.33 , 170.59
490.20 , 177.88 , 487.33 , 170.59
490.91 , 182.24 , 486.74 , 173.57
487.95 , 182.12 , 484.51 , 174.48
486.17 , 165.00 , 485.84 , 162.47
485.98 , 160.76 , 485.77 , 159.45
486.46 , 169.25 , 485.75 , 165.48
483.88 , 165.00 , 483.30 , 161.66
483.58 , 159.24 , 483.18 , 157.53
483.58 , 159.24 , 483.18 , 157.53
483.88 , 165.00 , 483.30 , 161.66
483.79 , 169.62 , 483.75 , 164.96
481.57 , 173.89 , 481.31 , 168.92
481.94 , 178.11 , 480.99 , 171.95
481.57 , 173.89 , 481.31 , 168.92
482.40 , 182.36 , 480.52 , 174.97
485.84 , 186.68 , 482.12 , 177.03
485.84 , 186.68 , 482.12 , 177.03
487.49 , 195.44 , 480.39 , 182.98
489.69 , 191.12 , 483.50 , 179.04
490.69 , 195.57 , 482.53 , 182.00
489.69 , 191.12 , 483.50 , 179.04
488.80 , 186.73 , 484.32 , 176.06
488.80 , 186.73 , 484.32 , 176.06
494.80 , 191.23 , 488.23 , 178.78
494.80 , 191.23 , 488.23 , 178.78
494.00 , 195.71 , 484.65 , 181.00
497.08 , 200.30 , 486.03 , 184.65
495.32 , 198.78 , 483.45 , 182.81
495.32 , 198.78 , 483.45 , 182.81
495.32 , 198.78 , 483.45 , 182.81
493.13 , 203.16 , 480.13 , 186.69
491.41 , 201.57 , 477.72 , 184.80
491.41 , 201.57 , 477.72 , 184.80
491.91 , 197.05 , 481.40 , 182.68
491.91 , 197.05 , 481.40 , 182.68
491.91 , 197.05 , 481.40 , 182.68
488.59 , 196.82 , 479.32 , 183.63
488.59 , 196.82 , 479.32 , 183.63
491.91 , 197.05 , 481.40 , 182.68
491.91 , 197.05 , 481.40 , 182.68
491.91 , 197.05 , 481.40 , 182.68
491.91 , 197.05 , 481.40 , 182.68
489.70 , 201.36 , 478.12 , 186.52
491.49 , 201.43 , 480.53 , 187.29
492.68 , 206.05 , 479.16 , 190.14
490.94 , 205.97 , 476.79 , 189.37
490.94 , 205.97 , 476.79 , 189.37
489.70 , 201.36 , 478.12 , 186.52
489.70 , 201.36 , 478.12 , 186.52
491.49 , 201.43 , 480.53 , 187.29
491.49 , 201.43 , 480.53 , 187.29
490.43 , 196.89 , 481.74 , 184.40
492.32 , 196.96 , 484.18 , 185.20
491.43 , 192.48 , 485.27 , 182.28
491.43 , 192.48 , 485.27 , 182.28
492.32 , 196.96 , 484.18 , 185.20
492.32 , 196.96 , 484.18 , 185.20
493.33 , 201.50 , 482.94 , 188.08
494.47 , 206.13 , 481.55 , 190.93
494.48 , 204.63 , 481.73 , 189.82
495.75 , 209.34 , 480.21 , 192.62
497.16 , 214.16 , 478.54 , 195.37
497.16 , 214.16 , 478.54 , 195.37
497.53 , 209.45 , 482.60 , 193.45
497.53 , 209.45 , 482.60 , 193.45
497.53 , 209.45 , 482.60 , 193.45
497.16 , 214.16 , 478.54 , 195.37
493.39 , 213.67 , 476.44 , 196.32
495.75 , 209.34 , 480.21 , 192.62
495.75 , 209.34 , 480.21 , 192.62
494.01 , 209.24 , 477.83 , 191.81
495.75 , 209.34 , 480.21 , 192.62
494.48 , 204.63 , 481.73 , 189.82
496.79 , 200.31 , 485.29 , 186.05
495.75 , 209.34 , 480.21 , 192.62
495.75 , 209.34 , 480.21 , 192.62
496.79 , 200.31 , 485.29 , 186.05
496.29 , 204.90 , 481.40 , 188.07
498.08 , 205.00 , 483.88 , 188.88
494.48 , 204.63 , 481.73 , 189.82
493.34 , 200.01 , 483.10 , 186.99
496.79 , 200.31 , 485.29 , 186.05
495.65 , 195.71 , 486.54 , 183.18
497.60 , 195.80 , 489.08 , 184.02
495.65 , 195.71 , 486.54 , 183.18
493.75 , 195.62 , 484.01 , 182.37
490.43 , 195.37 , 481.86 , 183.29
493.75 , 195.62 , 484.01 , 182.37
491.49 , 199.91 , 480.67 , 186.17
494.95 , 200.22 , 482.78 , 185.24
491.49 , 199.91 , 480.67 , 186.17
491.49 , 199.91 , 480.67 , 186.17
486.36 , 199.53 , 476.17 , 186.30
488.58 , 195.28 , 479.41 , 182.50
484.50 , 190.62 , 478.30 , 180.49
486.36 , 199.53 , 476.17 , 186.30
488.58 , 195.28 , 479.41 , 182.50
490.43 , 195.37 , 481.86 , 183.29
490.43 , 195.37 , 481.86 , 183.29
492.33 , 195.46 , 484.32 , 184.11
491.43 , 192.48 , 485.27 , 182.28
489.49 , 190.90 , 482.90 , 180.38
491.44 , 190.98 , 485.38 , 181.20
489.49 , 190.90 , 482.90 , 180.38
490.43 , 195.37 , 481.86 , 183.29
493.75 , 195.62 , 484.01 , 182.37
491.90 , 195.53 , 481.49 , 181.57
491.90 , 195.53 , 481.49 , 181.57
491.90 , 195.53 , 481.49 , 181.57
493.75 , 197.11 , 483.90 , 183.46
494.95 , 201.71 , 482.65 , 186.33
494.95 , 201.71 , 482.65 , 186.33
500.03 , 206.75 , 483.30 , 188.19
500.03 , 206.75 , 483.30 , 188.19
498.54 , 200.54 , 484.86 , 184.28
500.38 , 202.08 , 487.30 , 186.15
500.38 , 200.63 , 487.44 , 185.10
498.54 , 200.54 , 484.86 , 184.28
494.95 , 200.22 , 482.78 , 185.24
497.20 , 195.88 , 486.12 , 181.42
497.20 , 195.88 , 486.12 , 181.42
498.54 , 200.54 , 484.86 , 184.28
500.38 , 200.63 , 487.44 , 185.10
500.38 , 200.63 , 487.44 , 185.10
501.82 , 205.38 , 485.99 , 187.92
498.07 , 206.47 , 483.70 , 189.97
498.08 , 205.00 , 483.88 , 188.88
496.29 , 204.90 , 481.40 , 188.07
496.29 , 204.90 , 481.40 , 188.07
496.29 , 204.90 , 481.40 , 188.07
494.95 , 200.22 , 482.78 , 185.24
493.75 , 195.62 , 484.01 , 182.37
493.75 , 195.62 , 484.01 , 182.37
493.75 , 195.62 , 484.01 , 182.37
493.75 , 195.62 , 484.01 , 182.37
494.64 , 191.18 , 487.63 , 180.28
493.75 , 186.72 , 488.56 , 177.35
494.64 , 191.18 , 487.63 , 180.28
495.65 , 195.71 , 486.54 , 183.18
496.79 , 200.31 , 485.29 , 186.05
493.34 , 200.01 , 483.10 , 186.99
494.48 , 204.63 , 481.73 , 189.82
497.53 , 209.45 , 482.60 , 193.45
498.90 , 214.26 , 480.89 , 196.20
497.16 , 214.16 , 478.54 , 195.37
495.75 , 209.34 , 480.21 , 192.62
497.14 , 212.66 , 478.83 , 194.26
495.75 , 209.34 , 480.21 , 192.62
496.29 , 204.90 , 481.40 , 188.07
498.08 , 205.00 , 483.88 , 188.88
498.08 , 205.00 , 483.88 , 188.88
498.08 , 205.00 , 483.88 , 188.88
498.08 , 205.00 , 483.88 , 188.88
498.08 , 205.00 , 483.88 , 188.88
498.08 , 205.00 , 483.88 , 188.88
497.77 , 209.68 , 479.87 , 190.85
498.08 , 205.00 , 483.88 , 188.88
498.08 , 205.00 , 483.88 , 188.88
498.07 , 206.47 , 483.70 , 189.97
498.07 , 206.47 , 483.70 , 189.97
498.07 , 206.47 , 483.70 , 189.97
500.03 , 206.75 , 483.30 , 188.19
503.41 , 211.69 , 484.19 , 191.77
500.03 , 206.75 , 483.30 , 188.19
498.54 , 202.01 , 484.74 , 185.36
498.54 , 202.01 , 484.74 , 185.36
498.54 , 202.01 , 484.74 , 185.36
498.54 , 202.01 , 484.74 , 185.36
496.29 , 206.39 , 481.25 , 189.17
494.95 , 201.71 , 482.65 , 186.33
494.95 , 200.22 , 482.78 , 185.24
494.95 , 201.71 , 482.65 , 186.33
493.75 , 197.11 , 483.90 , 183.46
493.15 , 200.13 , 480.29 , 184.44
493.15 , 200.13 , 480.29 , 184.44
489.70 , 199.82 , 478.24 , 185.38
492.68 , 204.53 , 479.32 , 189.01
490.94 , 204.44 , 476.93 , 188.22
492.68 , 204.53 , 479.32 , 189.01
491.49 , 199.91 , 480.67 , 186.17
491.49 , 199.91 , 480.67 , 186.17
492.68 , 204.53 , 479.32 , 189.01
494.01 , 209.24 , 477.83 , 191.81
494.01 , 209.24 , 477.83 , 191.81
494.01 , 209.24 , 477.83 , 191.81
492.68 , 204.53 , 479.32 , 189.01
494.01 , 209.24 , 477.83 , 191.81
494.01 , 209.24 , 477.83 , 191.81
494.01 , 209.24 , 477.83 , 191.81
492.68 , 204.53 , 479.32 , 189.01
497.77 , 209.68 , 479.87 , 190.85
497.77 , 209.68 , 479.87 , 190.85
497.77 , 209.68 , 479.87 , 190.85
494.54 , 204.80 , 478.93 , 187.27
498.29 , 205.19 , 480.90 , 186.30
496.29 , 204.90 , 481.40 , 188.07
497.77 , 209.68 , 479.87 , 190.85
496.29 , 204.90 , 481.40 , 188.07
501.82 , 206.83 , 485.82 , 188.98
501.82 , 206.83 , 485.82 , 188.98
500.38 , 202.08 , 487.30 , 186.15
499.09 , 197.42 , 488.62 , 183.29
499.09 , 197.42 , 488.62 , 183.29
499.94 , 192.90 , 492.39 , 181.20
499.09 , 197.42 , 488.62 , 183.29
498.08 , 205.00 , 483.88 , 188.88
496.79 , 200.31 , 485.29 , 186.05
501.09 , 214.67 , 480.59 , 194.41
499.51 , 209.78 , 482.31 , 191.67
499.51 , 209.78 , 482.31 , 191.67
499.51 , 209.78 , 482.31 , 191.67
501.29 , 209.88 , 484.77 , 192.50
496.79 , 200.31 , 485.29 , 186.05
496.79 , 200.31 , 485.29 , 186.05
495.65 , 195.71 , 486.54 , 183.18
492.33 , 195.46 , 484.32 , 184.11
495.65 , 195.71 , 486.54 , 183.18
496.79 , 200.31 , 485.29 , 186.05
493.34 , 200.01 , 483.10 , 186.99
491.49 , 199.91 , 480.67 , 186.17
492.33 , 195.46 , 484.32 , 184.11
493.75 , 195.62 , 484.01 , 182.37
491.49 , 199.91 , 480.67 , 186.17
491.49 , 199.91 , 480.67 , 186.17
493.15 , 200.13 , 480.29 , 184.44
493.75 , 195.62 , 484.01 , 182.37
491.91 , 197.05 , 481.40 , 182.68
494.09 , 192.72 , 484.57 , 178.81
495.35 , 197.29 , 483.46 , 181.71
493.75 , 197.11 , 483.90 , 183.46
496.75 , 201.93 , 482.20 , 184.58
496.75 , 201.93 , 482.20 , 184.58
496.75 , 201.93 , 482.20 , 184.58
493.16 , 201.64 , 480.18 , 185.56
495.35 , 197.29 , 483.46 , 181.71
495.00 , 201.86 , 479.67 , 183.82
495.00 , 201.86 , 479.67 , 183.82
491.41 , 201.57 , 477.72 , 184.80
490.11 , 196.98 , 478.92 , 181.93
490.11 , 196.98 , 478.92 , 181.93
486.77 , 195.20 , 476.97 , 181.72
488.59 , 196.82 , 479.32 , 183.63
486.79 , 196.75 , 476.90 , 182.88
487.59 , 192.36 , 480.36 , 180.71
487.59 , 192.36 , 480.36 , 180.71
487.59 , 192.36 , 480.36 , 180.71
486.71 , 187.95 , 481.25 , 177.77
490.78 , 192.53 , 482.48 , 179.77
490.78 , 191.02 , 482.54 , 178.67
487.59 , 190.82 , 480.43 , 179.59
487.59 , 190.82 , 480.43 , 179.59
488.59 , 196.82 , 479.32 , 183.63
488.59 , 196.82 , 479.32 , 183.63
490.11 , 196.98 , 478.92 , 181.93
488.93 , 192.47 , 479.96 , 179.02
490.78 , 192.53 , 482.48 , 179.77
491.91 , 197.05 , 481.40 , 182.68
490.78 , 192.53 , 482.48 , 179.77
490.11 , 196.98 , 478.92 , 181.93
490.78 , 192.53 , 482.48 , 179.77
491.90 , 195.53 , 481.49 , 181.57
491.90 , 195.53 , 481.49 , 181.57
493.54 , 195.71 , 480.96 , 179.84
493.54 , 195.71 , 480.96 , 179.84
491.90 , 195.53 , 481.49 , 181.57
493.15 , 200.13 , 480.29 , 184.44
491.90 , 195.53 , 481.49 , 181.57
491.90 , 195.53 , 481.49 , 181.57
493.75 , 195.62 , 484.01 , 182.37
493.75 , 195.62 , 484.01 , 182.37
492.68 , 191.10 , 485.08 , 179.46
492.68 , 191.10 , 485.08 , 179.46
493.75 , 195.62 , 484.01 , 182.37
492.68 , 191.10 , 485.08 , 179.46
490.43 , 195.37 , 481.86 , 183.29
489.49 , 190.90 , 482.90 , 180.38
492.68 , 191.10 , 485.08 , 179.46
493.75 , 195.62 , 484.01 , 182.37
493.75 , 195.62 , 484.01 , 182.37
492.68 , 191.10 , 485.08 , 179.46
492.68 , 191.10 , 485.08 , 179.46
492.68 , 191.10 , 485.08 , 179.46
492.68 , 191.10 , 485.08 , 179.46
489.78 , 186.57 , 483.43 , 175.73
488.89 , 182.18 , 484.16 , 172.77
491.74 , 186.64 , 485.99 , 176.53
492.68 , 191.10 , 485.08 , 179.46
493.75 , 195.62 , 484.01 , 182.37
491.90 , 195.53 , 481.49 , 181.57
492.68 , 191.10 , 485.08 , 179.46
494.64 , 191.18 , 487.63 , 180.28
496.79 , 200.31 , 485.29 , 186.05
495.65 , 195.71 , 486.54 , 183.18
493.75 , 195.62 , 484.01 , 182.37
492.68 , 191.10 , 485.08 , 179.46
492.68 , 192.59 , 485.00 , 180.55
494.63 , 192.65 , 487.53 , 181.34
496.92 , 188.33 , 490.76 , 177.45
493.97 , 183.83 , 488.94 , 173.70
493.97 , 183.83 , 488.94 , 173.70
490.91 , 183.73 , 486.72 , 174.64
490.91 , 182.24 , 486.74 , 173.57
491.74 , 188.14 , 485.94 , 177.61
494.64 , 191.18 , 487.63 , 180.28
497.94 , 191.39 , 489.86 , 179.34
496.93 , 186.88 , 490.82 , 176.42
499.09 , 195.97 , 488.73 , 182.24
495.99 , 192.78 , 487.16 , 179.59
