+05 , -06 , +02 , -13
+05 , -06 , +02 , -13
+04 , -05 , +01 , -13
+04 , -05 , +01 , -13
+04 , -05 , +00 , -13
+04 , -05 , +01 , -13
+05 , -05 , +01 , -13
+04 , -05 , +00 , -13
+04 , -05 , +01 , -14
+04 , -05 , +00 , -13
+04 , -05 , +01 , -13
+04 , -05 , +01 , -13
+04 , -05 , +01 , -13
+04 , -05 , +01 , -13
+04 , -05 , +01 , -14
+04 , -05 , +01 , -13
+04 , -05 , +01 , -12
+04 , -05 , +01 , -12
+04 , -05 , +02 , -13
+03 , -05 , +01 , -12
+03 , -05 , +01 , -12
+03 , -05 , +01 , -12
+04 , -06 , +02 , -12
+04 , -06 , +02 , -12
+04 , -06 , +02 , -12
+04 , -05 , +01 , -13
+04 , -06 , +01 , -13
+05 , -06 , +01 , -13
+05 , -06 , +02 , -13
+05 , -06 , +02 , -13
+05 , -06 , +01 , -13
+05 , -06 , +02 , -13
+05 , -06 , +02 , -13
+05 , -05 , +02 , -13
+05 , -06 , +02 , -12
+05 , -06 , +02 , -13
+06 , -06 , +02 , -13
+06 , -06 , +01 , -13
+06 , -06 , +02 , -13
+05 , -06 , +02 , -12
+05 , -06 , +02 , -13
+05 , -05 , +01 , -12
+05 , -05 , +02 , -13
+05 , -05 , +01 , -13
+05 , -06 , +01 , -13
+05 , -05 , +01 , -14
+04 , -05 , +01 , -14
+04 , -05 , +01 , -13
+04 , -05 , +01 , -13
+04 , -05 , +01 , -13
+04 , -05 , +02 , -13
+04 , -05 , +02 , -13
+04 , -05 , +01 , -13
+04 , -05 , +01 , -13
+05 , -05 , +01 , -14
+05 , -05 , +02 , -14
+05 , -05 , +05 , -14
+05 , -05 , +04 , -13
+05 , -05 , +04 , -12
+05 , -06 , +04 , -12
+05 , -06 , +04 , -12
+05 , -06 , +04 , -12
+04 , -06 , +04 , -11
+04 , -06 , +04 , -11
+04 , -06 , +04 , -10
+04 , -06 , +04 , -10
+04 , -06 , +04 , -10
+04 , -06 , +04 , -10
+04 , -06 , +04 , -10
+04 , -06 , +03 , -11
+04 , -06 , +03 , -09
+04 , -06 , +02 , -10
+04 , -06 , +02 , -09
+03 , -06 , +03 , -09
+04 , -06 , +03 , -11
+04 , -05 , +03 , -10
+04 , -06 , +04 , -10
+04 , -06 , +04 , -11
+05 , -06 , +04 , -11
+04 , -05 , +04 , -11
+04 , -05 , +04 , -11
+05 , -05 , +05 , -12
+05 , -05 , +04 , -12
+05 , -05 , +03 , -12
+05 , -05 , +03 , -13
+05 , -05 , +03 , -13
+05 , -05 , +03 , -12
+06 , -05 , +03 , -13
+06 , -06 , +03 , -13
+06 , -06 , +03 , -13
+06 , -06 , +03 , -13
+06 , -06 , +04 , -14
+06 , -06 , +04 , -13
+06 , -06 , +04 , -13
+05 , -06 , +04 , -13
+05 , -06 , +04 , -13
+05 , -06 , +04 , -13
+05 , -06 , +03 , -13
+05 , -06 , +04 , -13
+05 , -05 , +04 , -13
+05 , -06 , +03 , -13
+05 , -05 , +03 , -12
+05 , -05 , +03 , -12
+05 , -05 , +03 , -13
+05 , -05 , +03 , -13
+05 , -05 , +03 , -12
+05 , -05 , +03 , -13
+05 , -06 , +02 , -12
+05 , -05 , +02 , -12
+05 , -05 , +02 , -12
+05 , -05 , +03 , -12
+05 , -05 , +02 , -12
+04 , -05 , +03 , -11
+05 , -05 , +03 , -12
+05 , -05 , +03 , -11
+04 , -05 , +03 , -12
+04 , -05 , +03 , -12
+04 , -05 , +02 , -12
+04 , -05 , +03 , -11
+04 , -05 , +03 , -11
+04 , -05 , +03 , -11
+04 , -05 , +03 , -12
+04 , -05 , +03 , -12
+04 , -05 , +03 , -12
+04 , -05 , +02 , -12
+04 , -05 , +03 , -11
+04 , -05 , +03 , -11
+04 , -05 , +03 , -11
+04 , -05 , +03 , -11
+04 , -05 , +03 , -11
+04 , -05 , +03 , -12
+04 , -05 , +03 , -12
+04 , -05 , +03 , -12
+04 , -05 , +02 , -12
+04 , -05 , +01 , -13
+04 , -04 , +01 , -12
+04 , -05 , +01 , -12
+04 , -05 , +00 , -12
+03 , -04 , +01 , -12
+04 , -04 , +02 , -11
+04 , -04 , +01 , -11
+04 , -05 , +02 , -11
+04 , -05 , +02 , -12
+04 , -05 , +02 , -11
+04 , -05 , +02 , -11
+04 , -05 , +02 , -11
+04 , -05 , +02 , -11
+04 , -05 , +02 , -11
+04 , -05 , +02 , -12
+04 , -05 , +02 , -12
+04 , -05 , +02 , -12
+05 , -05 , +02 , -12
+05 , -05 , +02 , -12
+05 , -05 , +03 , -12
+05 , -05 , +02 , -12
+05 , -05 , +02 , -12
+05 , -05 , +02 , -12
+05 , -05 , +02 , -12
+05 , -05 , +03 , -12
+05 , -05 , +03 , -12
+05 , -05 , +03 , -12
+05 , -05 , +03 , -13
+04 , -05 , +03 , -13
+05 , -05 , +02 , -14
+05 , -05 , +02 , -14
+05 , -05 , +02 , -14
+05 , -05 , +02 , -14
+05 , -05 , +02 , -13
+04 , -05 , +02 , -13
+04 , -05 , +02 , -13
+04 , -05 , +02 , -13
+04 , -05 , +02 , -13
+04 , -06 , +02 , -12
+05 , -05 , +02 , -11
+04 , -05 , +02 , -12
+04 , -06 , +01 , -12
+04 , -06 , +01 , -12
+04 , -05 , +01 , -12
+04 , -05 , +02 , -11
+04 , -05 , +02 , -11
+04 , -05 , +02 , -11
+04 , -05 , +02 , -12
+04 , -05 , +02 , -12
+05 , -05 , +01 , -12
+04 , -05 , +02 , -12
+04 , -05 , +02 , -12
+04 , -05 , +01 , -12
+04 , -05 , +01 , -13
+04 , -05 , +00 , -12
+04 , -05 , +00 , -13
+04 , -05 , +01 , -12
+04 , -05 , +01 , -12
+04 , -05 , +01 , -13
+04 , -05 , +01 , -13
+04 , -05 , +01 , -13
+04 , -06 , +01 , -12
+04 , -06 , +01 , -11
+04 , -06 , +01 , -11
+04 , -06 , +01 , -11
+03 , -05 , +01 , -11
+04 , -05 , +01 , -11
+04 , -05 , +01 , -11
+04 , -06 , +01 , -11
+04 , -06 , +02 , -10
+04 , -06 , +02 , -11
+04 , -05 , +02 , -10
+04 , -05 , +02 , -10
+04 , -05 , +02 , -10
+04 , -05 , +02 , -10
+04 , -05 , +02 , -10
+04 , -05 , +02 , -11
+04 , -05 , +02 , -10
+04 , -05 , +03 , -09
+04 , -05 , +03 , -09
+05 , -05 , +03 , -09
+04 , -05 , +03 , -09
+05 , -05 , +03 , -09
+05 , -05 , +03 , -09
+05 , -05 , +03 , -10
+05 , -05 , +03 , -09
+05 , -05 , +03 , -09
+05 , -05 , +03 , -10
+05 , -05 , +03 , -10
+05 , -05 , +03 , -10
+05 , -05 , +03 , -08
+05 , -05 , +04 , -09
+05 , -06 , +04 , -08
+05 , -05 , +04 , -08
+05 , -06 , +03 , -09
+05 , -06 , +03 , -09
+05 , -06 , +03 , -10
+05 , -06 , +03 , -10
+05 , -06 , +03 , -10
+04 , -06 , +03 , -10
+04 , -06 , +03 , -11
+05 , -06 , +03 , -12
+04 , -06 , +04 , -12
+05 , -06 , +04 , -12
+04 , -06 , +03 , -12
+04 , -06 , +03 , -12
+05 , -06 , +03 , -12
+04 , -06 , +03 , -13
+05 , -05 , +03 , -12
+05 , -05 , +03 , -13
+05 , -06 , +02 , -13
+05 , -06 , +02 , -13
+04 , -06 , +02 , -13
+04 , -06 , +01 , -13
+04 , -06 , +01 , -13
+04 , -06 , +01 , -12
+04 , -06 , +01 , -12
+04 , -06 , +01 , -11
+04 , -06 , +01 , -11
+05 , -06 , +01 , -11
+04 , -06 , +02 , -11
+04 , -06 , +01 , -12
+04 , -06 , +02 , -12
+04 , -06 , +01 , -12
+05 , -06 , +01 , -12
+04 , -06 , +02 , -13
+04 , -06 , +02 , -12
+04 , -06 , +01 , -12
+04 , -06 , +01 , -12
+04 , -06 , +01 , -13
+04 , -06 , +00 , -12
+04 , -05 , +00 , -12
+04 , -06 , +00 , -12
+04 , -06 , +01 , -11
+03 , -06 , +01 , -11
+04 , -06 , +01 , -11
+04 , -06 , +01 , -11
+04 , -06 , +01 , -11
+04 , -06 , +01 , -11
+04 , -06 , +01 , -11
+04 , -06 , +01 , -11
+04 , -06 , +01 , -11
+04 , -06 , +02 , -11
+04 , -06 , +01 , -10
+04 , -06 , +02 , -11
+04 , -06 , +02 , -10
+04 , -06 , +02 , -10
+04 , -06 , +02 , -11
+04 , -06 , +02 , -10
+04 , -06 , +02 , -11
+04 , -06 , +02 , -12
+04 , -06 , +01 , -12
+04 , -06 , +01 , -12
+05 , -06 , +01 , -11
+05 , -06 , +01 , -11
+05 , -06 , +01 , -11
+05 , -06 , +01 , -11
+05 , -06 , +01 , -10
+05 , -06 , +00 , -10
+05 , -05 , +00 , -11
+05 , -05 , +00 , -11
+05 , -06 , +00 , -10
+05 , -05 , -01 , -11
+04 , -06 , -01 , -11
+04 , -05 , -01 , -11
+05 , -05 , -01 , -11
+05 , -06 , -01 , -10
+05 , -06 , +00 , -11
+05 , -06 , +00 , -11
+04 , -06 , -01 , -11
+04 , -06 , +00 , -12
+04 , -06 , +00 , -12
+05 , -06 , +01 , -12
+04 , -06 , +02 , -12
+04 , -06 , +02 , -12
+04 , -06 , +01 , -12
+04 , -06 , +01 , -12
+05 , -05 , +01 , -12
+04 , -05 , +00 , -12
+04 , -05 , +01 , -12
+04 , -05 , +01 , -12
+04 , -06 , +01 , -13
+04 , -05 , +01 , -13
+04 , -05 , +01 , -13
+04 , -05 , +01 , -12
+04 , -05 , +02 , -12
+04 , -05 , +02 , -12
+04 , -05 , +02 , -11
+04 , -05 , +02 , -10
+04 , -05 , +02 , -10
+04 , -05 , +03 , -11
+04 , -05 , +02 , -11
+04 , -05 , +02 , -10
+04 , -05 , +02 , -11
+04 , -05 , +02 , -10
+04 , -05 , +02 , -11
+04 , -05 , +02 , -10
+04 , -06 , +02 , -10
+04 , -05 , +02 , -10
+05 , -05 , +03 , -10
+05 , -05 , +03 , -11
+05 , -05 , +02 , -11
+05 , -05 , +03 , -11
+04 , -05 , +02 , -11
+04 , -05 , +02 , -11
+04 , -05 , +02 , -11
+04 , -05 , +02 , -11
+04 , -05 , +02 , -11
+04 , -05 , +02 , -10
+03 , -05 , +03 , -10
+03 , -05 , +03 , -10
+04 , -05 , +03 , -10
+04 , -05 , +03 , -11
+04 , -05 , +02 , -11
+04 , -05 , +02 , -11
+03 , -05 , +02 , -11
+03 , -05 , +02 , -12
+03 , -05 , +03 , -12
+03 , -05 , +03 , -11
+03 , -05 , +03 , -11
+03 , -05 , +03 , -10
+03 , -05 , +03 , -10
+03 , -05 , +03 , -10
+04 , -05 , +03 , -11
+03 , -05 , +03 , -10
+04 , -05 , +03 , -11
+04 , -05 , +04 , -11
+04 , -05 , +04 , -11
+04 , -05 , +04 , -11
+04 , -05 , +04 , -11
+04 , -05 , +04 , -10
+04 , -05 , +03 , -10
+04 , -05 , +03 , -11
+04 , -05 , +03 , -10
+05 , -05 , +04 , -09
+05 , -05 , +04 , -09
+05 , -05 , +04 , -10
+05 , -06 , +03 , -10
+04 , -06 , +03 , -10
+04 , -06 , +03 , -10
+04 , -06 , +02 , -11
+04 , -06 , +01 , -11
+04 , -06 , +02 , -10
+04 , -06 , +02 , -10
+04 , -06 , +02 , -10
+04 , -06 , +02 , -10
+04 , -05 , +03 , -10
+04 , -05 , +03 , -10
+04 , -05 , +03 , -10
+04 , -05 , +02 , -10
+04 , -05 , +02 , -11
+05 , -05 , +03 , -11
+05 , -06 , +03 , -11
+05 , -05 , +04 , -11
+05 , -05 , +03 , -10
+05 , -05 , +03 , -10
+05 , -05 , +03 , -11
+05 , -05 , +04 , -11
+05 , -05 , +04 , -11
+04 , -05 , +04 , -11
+04 , -05 , +04 , -11
+04 , -05 , +04 , -10
+04 , -05 , +04 , -11
+04 , -05 , +04 , -11
+04 , -05 , +03 , -12
+04 , -05 , +04 , -12
+04 , -05 , +04 , -12
+04 , -05 , +03 , -12
+04 , -05 , +02 , -12
+04 , -05 , +03 , -12
+05 , -05 , +01 , -10
+05 , -06 , +01 , -10
+05 , -06 , +02 , -10
+05 , -05 , +01 , -10
+05 , -05 , +01 , -10
+05 , -05 , +02 , -10
+05 , -05 , +02 , -11
+05 , -05 , +02 , -10
+05 , -05 , +02 , -09
+05 , -05 , +03 , -09
+05 , -05 , +03 , -10
+05 , -05 , +03 , -10
+05 , -05 , +03 , -10
+04 , -05 , +03 , -12
+04 , -05 , +03 , -11
+05 , -05 , +03 , -12
+04 , -05 , +03 , -11
+04 , -05 , +03 , -11
+04 , -05 , +03 , -11
+04 , -06 , +03 , -12
+04 , -06 , +03 , -11
+04 , -06 , +03 , -11
+04 , -06 , +03 , -11
+04 , -06 , +03 , -11
+04 , -06 , +03 , -11
+04 , -06 , +03 , -12
+04 , -06 , +03 , -11
+04 , -06 , +02 , -11
+04 , -06 , +03 , -12
+04 , -06 , +02 , -12
+04 , -06 , +02 , -11
+04 , -06 , +02 , -10
+04 , -06 , +02 , -09
+05 , -05 , +02 , -10
+05 , -05 , +01 , -11
+05 , -05 , +01 , -11
+05 , -06 , +01 , -12
+05 , -06 , +01 , -12
+04 , -06 , +01 , -12
+04 , -06 , +00 , -12
+04 , -06 , +01 , -13
+05 , -06 , +02 , -12
+05 , -06 , +01 , -12
+04 , -06 , +01 , -12
+05 , -06 , +01 , -11
+04 , -05 , +02 , -11
+04 , -05 , +02 , -11
+04 , -06 , +02 , -11
+04 , -06 , +02 , -11
+03 , -05 , +02 , -11
+03 , -05 , +03 , -10
+03 , -05 , +03 , -11
+03 , -05 , +03 , -12
+03 , -06 , +04 , -12
+03 , -06 , +04 , -11
+03 , -06 , +03 , -11
+03 , -06 , +03 , -11
+03 , -06 , +03 , -11
+03 , -06 , +03 , -12
+03 , -06 , +03 , -12
+03 , -06 , +03 , -12
+04 , -05 , +04 , -11
+04 , -05 , +04 , -12
+04 , -05 , +04 , -12
+03 , -05 , +04 , -12
+03 , -05 , +04 , -11
+03 , -05 , +04 , -11
+03 , -05 , +03 , -11
+03 , -05 , +03 , -11
+03 , -05 , +03 , -12
+03 , -05 , +03 , -12
+03 , -05 , +04 , -13
+04 , -05 , +03 , -12
+04 , -06 , +03 , -12
+03 , -06 , +03 , -12
+03 , -06 , +03 , -11
+03 , -05 , +03 , -11
+04 , -05 , +04 , -11
+04 , -05 , +04 , -11
+04 , -05 , +04 , -11
+04 , -05 , +04 , -11
+03 , -05 , +04 , -11
+04 , -05 , +03 , -11
+03 , -05 , +04 , -12
+03 , -05 , +04 , -11
+03 , -05 , +04 , -11
+03 , -05 , +04 , -11
+03 , -06 , +04 , -12
+03 , -06 , +03 , -12
+03 , -05 , +03 , -13
+03 , -05 , +02 , -12
+03 , -06 , +03 , -12
+03 , -05 , +02 , -12
+03 , -05 , +02 , -12
+04 , -06 , +02 , -13
+04 , -06 , +02 , -12
+04 , -06 , +02 , -12
+04 , -06 , +02 , -12
+04 , -06 , +02 , -12
+04 , -06 , +01 , -11
+04 , -06 , +01 , -11
+04 , -06 , +01 , -11
+04 , -06 , +02 , -12
+04 , -06 , +02 , -11
+04 , -06 , +02 , -11
+04 , -06 , +02 , -11
+04 , -06 , +02 , -11
+04 , -06 , +02 , -11
+04 , -06 , +02 , -12
+04 , -06 , +02 , -12
+04 , -05 , +03 , -12
+04 , -05 , +03 , -11
+05 , -05 , +03 , -11
+05 , -05 , +02 , -11
+04 , -05 , +03 , -12
+04 , -06 , +03 , -10
+04 , -06 , +03 , -10
+04 , -05 , +03 , -10
+04 , -05 , +03 , -10
+04 , -05 , +02 , -11
+04 , -05 , +02 , -10
+04 , -06 , +03 , -10
+04 , -06 , +03 , -10
+04 , -06 , +03 , -10
+04 , -06 , +03 , -10
+04 , -06 , +03 , -10
+04 , -06 , +03 , -09
+04 , -06 , +03 , -10
+04 , -05 , +03 , -09
+03 , -05 , +03 , -10
+03 , -05 , +03 , -10
+03 , -05 , +04 , -10
+03 , -05 , +04 , -09
+03 , -05 , +04 , -09
+03 , -05 , +04 , -09
+04 , -05 , +04 , -10
+03 , -05 , +04 , -10
+03 , -05 , +04 , -10
+03 , -05 , +04 , -10
+03 , -05 , +04 , -10
+03 , -05 , +04 , -10
+03 , -05 , +04 , -10
+03 , -05 , +03 , -10
+03 , -06 , +03 , -10
+03 , -06 , +03 , -11
+03 , -05 , +02 , -12
+03 , -05 , +02 , -11
+04 , -05 , +02 , -11
+04 , -05 , +02 , -09
+04 , -05 , +02 , -10
+04 , -05 , +02 , -10
+04 , -05 , +02 , -10
+04 , -05 , +03 , -10
+04 , -05 , +02 , -10
+04 , -05 , +02 , -10
+04 , -05 , +02 , -11
+04 , -05 , +02 , -11
+04 , -05 , +02 , -11
+04 , -05 , +03 , -11
+04 , -05 , +03 , -12
+04 , -05 , +02 , -12
+05 , -05 , +03 , -12
+05 , -05 , +03 , -11
+05 , -05 , +03 , -11
+05 , -05 , +03 , -12
+05 , -05 , +03 , -12
+05 , -05 , +03 , -11
+04 , -04 , +03 , -10
+04 , -04 , +03 , -11
+04 , -04 , +03 , -11
+04 , -04 , +03 , -11
+04 , -05 , +04 , -11
+04 , -05 , +04 , -11
+03 , -05 , +04 , -11
+03 , -05 , +04 , -11
+03 , -05 , +04 , -11
+03 , -05 , +04 , -12
+03 , -05 , +04 , -11
+03 , -05 , +03 , -11
+03 , -05 , +03 , -11
+03 , -05 , +03 , -10
+03 , -05 , +03 , -10
+03 , -05 , +03 , -09
+03 , -05 , +02 , -09
+03 , -05 , +02 , -10
+03 , -05 , +03 , -09
+03 , -05 , +02 , -09
+03 , -05 , +02 , -08
+03 , -05 , +02 , -08
+03 , -05 , +02 , -08
+03 , -05 , +02 , -08
+03 , -05 , +02 , -09
+03 , -05 , +02 , -09
+03 , -05 , +02 , -09
+03 , -05 , +02 , -08
+04 , -05 , +02 , -08
+03 , -05 , +02 , -08
+03 , -05 , +02 , -08
+03 , -05 , +02 , -08
+03 , -05 , +02 , -08
+03 , -05 , +02 , -09
+03 , -05 , +02 , -09
+03 , -05 , +02 , -08
+03 , -05 , +02 , -08
+02 , -05 , +03 , -08
+02 , -05 , +02 , -09
+03 , -05 , +02 , -09
+03 , -05 , +03 , -09
+03 , -05 , +03 , -10
+02 , -05 , +03 , -09
+02 , -05 , +02 , -09
+03 , -05 , +02 , -10
+03 , -05 , +02 , -10
+03 , -05 , +02 , -09
+03 , -05 , +02 , -09
+03 , -05 , +02 , -09
+04 , -05 , +03 , -08
+04 , -05 , +02 , -08
+04 , -05 , +02 , -08
+03 , -05 , +02 , -08
+03 , -05 , +03 , -08
+04 , -05 , +03 , -08
+03 , -05 , +03 , -08
+04 , -06 , +03 , -08
+04 , -05 , +03 , -08
+04 , -06 , +03 , -09
+04 , -06 , +03 , -09
+04 , -06 , +03 , -09
+04 , -06 , +03 , -09
+04 , -06 , +03 , -10
+04 , -06 , +03 , -10
+04 , -05 , +03 , -10
+03 , -05 , +02 , -11
+03 , -05 , +03 , -11
+04 , -06 , +03 , -10
+04 , -06 , +03 , -11
+04 , -06 , +04 , -11
+04 , -06 , +04 , -11
+04 , -06 , +04 , -12
+05 , -06 , +04 , -12
+04 , -05 , +04 , -12
+04 , -06 , +04 , -11
+04 , -05 , +04 , -11
+04 , -06 , +04 , -11
+04 , -06 , +04 , -11
+04 , -06 , +04 , -10
+04 , -06 , +04 , -10
+04 , -06 , +04 , -11
+04 , -06 , +05 , -11
+04 , -06 , +05 , -11
+05 , -06 , +05 , -11
+05 , -06 , +06 , -11
+05 , -06 , +06 , -12
+05 , -06 , +06 , -12
+04 , -06 , +05 , -12
+04 , -06 , +05 , -12
+04 , -06 , +05 , -12
+04 , -06 , +05 , -12
+04 , -06 , +06 , -11
+04 , -06 , +06 , -11
+04 , -06 , +06 , -11
+04 , -06 , +06 , -11
+05 , -06 , +06 , -11
+05 , -06 , +05 , -11
+05 , -06 , +05 , -11
+05 , -06 , +05 , -12
+04 , -06 , +05 , -11
+05 , -06 , +05 , -12
+05 , -06 , +05 , -11
+05 , -06 , +05 , -12
+05 , -06 , +06 , -12
+05 , -06 , +06 , -12
+04 , -05 , +06 , -12
+04 , -05 , +06 , -12
+04 , -06 , +06 , -12
+04 , -05 , +06 , -12
+04 , -05 , +06 , -12
+04 , -05 , +06 , -12
+04 , -05 , +06 , -12
+04 , -05 , +06 , -11
+04 , -05 , +06 , -11
+04 , -05 , +06 , -10
+04 , -05 , +06 , -11
+04 , -05 , +06 , -11
+04 , -05 , +07 , -11
+04 , -06 , +07 , -11
+04 , -05 , +06 , -11
+04 , -05 , +06 , -11
+04 , -06 , +06 , -10
+04 , -06 , +06 , -10
+04 , -06 , +06 , -10
+04 , -06 , +06 , -10
+04 , -06 , +06 , -10
+04 , -06 , +05 , -10
+04 , -05 , +05 , -10
+04 , -05 , +06 , -11
+04 , -05 , +06 , -11
+04 , -05 , +05 , -11
+04 , -05 , +05 , -11
+03 , -05 , +05 , -11
+03 , -05 , +05 , -11
+03 , -05 , +05 , -10
+03 , -05 , +05 , -11
+03 , -05 , +05 , -10
+03 , -05 , +05 , -10
+03 , -05 , +05 , -10
+03 , -05 , +04 , -11
+04 , -05 , +04 , -10
+04 , -05 , +04 , -11
+04 , -05 , +05 , -11
+04 , -05 , +04 , -11
+04 , -05 , +04 , -11
+04 , -05 , +04 , -11
+04 , -06 , +04 , -11
+04 , -06 , +03 , -11
+04 , -06 , +04 , -12
+05 , -06 , +03 , -12
+05 , -05 , +03 , -12
+05 , -05 , +04 , -13
+05 , -05 , +03 , -12
+05 , -05 , +04 , -12
+05 , -05 , +03 , -12
+05 , -05 , +03 , -11
+05 , -05 , +02 , -11
+05 , -05 , +03 , -12
+06 , -05 , +03 , -11
+05 , -05 , +02 , -11
+05 , -05 , +03 , -11
+05 , -05 , +03 , -11
+05 , -05 , +03 , -11
+05 , -05 , +03 , -12
+05 , -05 , +03 , -11
+05 , -05 , +03 , -11
+05 , -05 , +03 , -11
+05 , -05 , +04 , -11
+05 , -05 , +03 , -12
+04 , -05 , +04 , -12
+04 , -05 , +03 , -12
+04 , -05 , +03 , -12
+05 , -05 , +03 , -11
+05 , -05 , +03 , -11
+05 , -05 , +03 , -12
+04 , -05 , +03 , -12
+05 , -05 , +03 , -12
+05 , -05 , +03 , -13
+05 , -05 , +03 , -13
+05 , -05 , +04 , -13
+04 , -05 , +04 , -13
+05 , -05 , +04 , -13
+05 , -05 , +04 , -12
+05 , -06 , +04 , -13
+04 , -06 , +03 , -13
+04 , -06 , +04 , -13
+04 , -06 , +04 , -13
+03 , -06 , +04 , -13
+03 , -06 , +03 , -14
+03 , -06 , +03 , -14
+03 , -05 , +03 , -14
+03 , -05 , +03 , -15
+03 , -06 , +03 , -14
+03 , -06 , +03 , -14
+03 , -06 , +03 , -14
+04 , -06 , +04 , -14
+04 , -06 , +04 , -14
+04 , -06 , +03 , -14
+04 , -06 , +03 , -14
+04 , -06 , +03 , -13
+04 , -05 , +02 , -13
+04 , -05 , +02 , -13
+04 , -05 , +02 , -13
+04 , -05 , +02 , -12
+05 , -05 , +02 , -13
+05 , -05 , +02 , -13
+05 , -05 , +02 , -12
+05 , -05 , +02 , -13
+05 , -05 , +02 , -13
+05 , -05 , +02 , -13
+05 , -05 , +02 , -13
+05 , -05 , +02 , -13
+05 , -05 , +02 , -13
+05 , -05 , +02 , -13
+04 , -05 , +02 , -14
+05 , -05 , +02 , -14
+04 , -05 , +02 , -13
+04 , -05 , +02 , -13
+04 , -05 , +03 , -13
+04 , -06 , +03 , -13
+04 , -05 , +03 , -13
+04 , -05 , +02 , -13
+04 , -05 , +02 , -13
+04 , -05 , +02 , -13
+04 , -05 , +02 , -13
+04 , -05 , +02 , -13
+04 , -05 , +02 , -13
+04 , -05 , +03 , -12
+03 , -05 , +03 , -12
+03 , -05 , +03 , -12
+04 , -05 , +02 , -12
+04 , -05 , +03 , -12
+04 , -05 , +03 , -12
+03 , -05 , +02 , -12
+04 , -05 , +03 , -13
+04 , -05 , +04 , -12
+04 , -05 , +04 , -13
+04 , -05 , +04 , -13
+04 , -05 , +04 , -13
+04 , -05 , +03 , -13
+05 , -05 , +03 , -14
+05 , -05 , +04 , -14
+04 , -05 , +04 , -14
+04 , -04 , +04 , -13
+05 , -04 , +04 , -14
+04 , -04 , +04 , -13
+04 , -04 , +05 , -13
+05 , -04 , +05 , -12
+05 , -05 , +05 , -12
+05 , -05 , +05 , -12
+05 , -05 , +05 , -13
+04 , -05 , +05 , -12
+04 , -05 , +05 , -12
+04 , -05 , +05 , -11
+04 , -05 , +05 , -11
+04 , -05 , +05 , -10
+04 , -05 , +05 , -10
+03 , -05 , +05 , -10
+04 , -05 , +05 , -11
+04 , -05 , +05 , -11
+05 , -05 , +04 , -12
+05 , -05 , +04 , -11
+05 , -05 , +04 , -11
+05 , -05 , +04 , -11
+05 , -05 , +04 , -11
+05 , -05 , +04 , -11
+05 , -05 , +04 , -11
+04 , -05 , +05 , -11
+04 , -05 , +04 , -11
+04 , -05 , +04 , -11
+05 , -05 , +03 , -12
+05 , -05 , +02 , -12
+05 , -05 , +03 , -12
+05 , -05 , +03 , -12
+05 , -05 , +03 , -13
+06 , -05 , +03 , -13
+05 , -05 , +03 , -13
+05 , -05 , +03 , -13
+05 , -05 , +03 , -13
+05 , -05 , +02 , -13
+05 , -05 , +03 , -13
+05 , -05 , +02 , -13
+05 , -05 , +03 , -13
+05 , -06 , +03 , -13
+05 , -06 , +03 , -12
+04 , -06 , +03 , -13
+04 , -05 , +02 , -12
+04 , -05 , +02 , -13
+04 , -05 , +02 , -12
+04 , -06 , +01 , -12
+04 , -06 , +02 , -12
+04 , -05 , +01 , -12
+04 , -06 , +01 , -11
+04 , -06 , +01 , -12
+04 , -05 , +01 , -11
+04 , -05 , +01 , -11
+04 , -05 , +01 , -10
+04 , -05 , +01 , -10
+04 , -05 , +02 , -11
+04 , -05 , +02 , -11
+03 , -05 , +02 , -11
+04 , -05 , +02 , -11
+04 , -05 , +03 , -11
+04 , -05 , +03 , -12
+05 , -05 , +03 , -12
+04 , -05 , +03 , -12
+05 , -05 , +02 , -11
+05 , -05 , +02 , -11
+04 , -05 , +02 , -11
+04 , -05 , +02 , -12
+04 , -05 , +03 , -11
+04 , -05 , +02 , -11
+04 , -05 , +02 , -11
+04 , -05 , +02 , -11
+04 , -05 , +02 , -11
+04 , -05 , +02 , -11
+04 , -05 , +02 , -12
+04 , -05 , +03 , -12
