-66 , -68 , -63 , -61
-61 , -59 , -66 , -59
-63 , -61 , -61 , -58
-62 , -58 , -62 , -58
-62 , -60 , -69 , -62
-62 , -61 , -59 , -56
-62 , -59 , -61 , -57
-63 , -60 , -60 , -56
-59 , -61 , -68 , -62
-61 , -61 , -66 , -63
-60 , -64 , -60 , -56
-61 , -59 , -62 , -58
-63 , -64 , -62 , -58
-63 , -61 , -66 , -72
-58 , -72 , -62 , -58
-63 , -62 , -60 , -58
-60 , -62 , -62 , -58
-63 , -62 , -62 , -59
-63 , -62 , -62 , -58
-64 , -61 , -64 , -70
-60 , -61 , -62 , -56
-64 , -62 , -64 , -68
-60 , -69 , -61 , -58
-62 , -60 , -60 , -58
-61 , -61 , -61 , -58
-63 , -60 , -60 , -58
-61 , -60 , -60 , -56
-61 , -61 , -62 , -58
-61 , -63 , -63 , -59
-63 , -71 , -64 , -71
-58 , -76 , -64 , -70
-59 , -64 , -62 , -57
-62 , -60 , -60 , -55
-60 , -60 , -61 , -58
-61 , -63 , -62 , -59
-63 , -62 , -66 , -62
-61 , -59 , -60 , -56
-60 , -71 , -63 , -73
-59 , -75 , -63 , -59
-60 , -59 , -67 , -65
-61 , -67 , -62 , -58
-62 , -68 , -64 , -60
-65 , -67 , -67 , -65
-69 , -61 , -64 , -61
-65 , -63 , -60 , -56
-61 , -58 , -62 , -59
-63 , -72 , -63 , -59
-60 , -59 , -64 , -74
-58 , -69 , -60 , -56
-61 , -61 , -67 , -64
-69 , -60 , -61 , -58
-63 , -61 , -62 , -57
-62 , -61 , -61 , -58
-63 , -60 , -60 , -56
-62 , -60 , -61 , -58
-61 , -60 , -61 , -58
-61 , -60 , -61 , -58
-62 , -67 , -64 , -61
-62 , -61 , -61 , -58
-61 , -62 , -60 , -57
-61 , -60 , -70 , -61
-61 , -62 , -61 , -58
-62 , -61 , -68 , -62
-60 , -65 , -60 , -56
-60 , -61 , -63 , -60
-64 , -66 , -60 , -56
-60 , -59 , -64 , -65
-61 , -59 , -68 , -59
-61 , -60 , -65 , -59
-61 , -60 , -60 , -56
-61 , -61 , -67 , -59
-60 , -61 , -63 , -69
-63 , -64 , -65 , -62
-61 , -67 , -63 , -72
-58 , -68 , -66 , -63
-68 , -66 , -62 , -72
-62 , -66 , -62 , -74
-59 , -60 , -63 , -72
-58 , -62 , -60 , -56
-61 , -60 , -62 , -59
-63 , -60 , -62 , -57
-63 , -66 , -62 , -58
-62 , -60 , -63 , -60
-65 , -60 , -60 , -56
-61 , -59 , -61 , -58
-62 , -62 , -62 , -57
-62 , -62 , -67 , -62
-61 , -60 , -69 , -61
-62 , -61 , -67 , -58
-61 , -60 , -62 , -58
-61 , -61 , -60 , -57
-61 , -60 , -61 , -56
-61 , -61 , -61 , -58
-62 , -60 , -61 , -58
-60 , -60 , -65 , -63
-67 , -61 , -60 , -58
-61 , -62 , -60 , -57
-61 , -61 , -67 , -62
-62 , -61 , -60 , -57
-61 , -62 , -60 , -57
-61 , -66 , -67 , -62
-62 , -68 , -63 , -60
-65 , -60 , -64 , -61
-66 , -66 , -62 , -57
-62 , -60 , -63 , -65
-60 , -61 , -61 , -58
-61 , -70 , -62 , -73
-59 , -60 , -63 , -58
-62 , -67 , -64 , -60
-66 , -61 , -60 , -55
-61 , -61 , -60 , -56
-60 , -61 , -62 , -58
-63 , -63 , -61 , -56
-61 , -61 , -62 , -59
-63 , -60 , -62 , -58
-63 , -60 , -60 , -56
-61 , -63 , -62 , -60
-63 , -61 , -60 , -57
-61 , -60 , -61 , -58
-61 , -74 , -62 , -68
-60 , -63 , -62 , -69
-56 , -60 , -67 , -59
-61 , -60 , -61 , -56
-61 , -60 , -61 , -58
-59 , -60 , -65 , -59
-61 , -60 , -62 , -72
-58 , -66 , -62 , -69
-61 , -62 , -61 , -58
-63 , -60 , -60 , -56
-60 , -60 , -62 , -57
-62 , -61 , -61 , -58
-61 , -60 , -61 , -58
-61 , -60 , -62 , -57
-62 , -61 , -61 , -58
-63 , -67 , -62 , -71
-56 , -67 , -62 , -71
-58 , -61 , -62 , -58
-64 , -60 , -61 , -59
-64 , -61 , -61 , -56
-60 , -65 , -63 , -60
-64 , -85 , -62 , -71
-59 , -63 , -62 , -60
-65 , -65 , -67 , -62
-62 , -62 , -62 , -71
-57 , -67 , -62 , -59
-60 , -60 , -60 , -58
-61 , -63 , -64 , -62
-61 , -59 , -67 , -59
-61 , -67 , -67 , -65
-69 , -65 , -63 , -60
-64 , -61 , -63 , -57
-61 , -60 , -61 , -58
-62 , -61 , -66 , -57
-63 , -83 , -62 , -71
-59 , -61 , -60 , -57
-61 , -61 , -61 , -56
-61 , -60 , -60 , -56
-60 , -61 , -60 , -56
-61 , -61 , -69 , -61
-62 , -60 , -61 , -58
-61 , -61 , -61 , -58
-61 , -60 , -60 , -58
-60 , -61 , -67 , -59
-63 , -60 , -60 , -56
-60 , -60 , -63 , -58
-62 , -60 , -61 , -58
-61 , -61 , -61 , -58
-64 , -60 , -61 , -58
-61 , -63 , -65 , -62
-61 , -60 , -61 , -59
-61 , -60 , -60 , -56
-60 , -61 , -61 , -58
-62 , -62 , -67 , -61
-62 , -60 , -61 , -58
-62 , -66 , -63 , -60
-65 , -60 , -67 , -59
-61 , -68 , -65 , -63
-61 , -61 , -58 , -56
-60 , -60 , -60 , -56
-61 , -74 , -63 , -68
-60 , -60 , -62 , -57
-62 , -62 , -70 , -61
-62 , -60 , -60 , -56
-60 , -59 , -61 , -59
-61 , -61 , -61 , -58
-62 , -60 , -65 , -58
-61 , -64 , -61 , -62
-61 , -60 , -61 , -57
-62 , -60 , -61 , -58
-61 , -60 , -63 , -57
-62 , -67 , -62 , -64
-60 , -63 , -62 , -59
-63 , -64 , -62 , -68
-56 , -61 , -62 , -58
-64 , -61 , -65 , -58
-62 , -59 , -63 , -59
-61 , -67 , -61 , -71
-57 , -60 , -62 , -57
-62 , -73 , -62 , -71
-60 , -62 , -62 , -73
-59 , -64 , -65 , -58
-63 , -64 , -62 , -62
-61 , -60 , -60 , -68
-56 , -61 , -70 , -58
-61 , -65 , -63 , -61
-62 , -61 , -62 , -61
-66 , -62 , -67 , -58
-64 , -73 , -63 , -61
-62 , -60 , -60 , -68
-58 , -61 , -60 , -56
-61 , -61 , -63 , -58
-61 , -59 , -62 , -58
-61 , -64 , -65 , -68
-56 , -63 , -63 , -63
-61 , -62 , -67 , -64
-60 , -59 , -63 , -61
-61 , -61 , -61 , -58
-62 , -62 , -62 , -59
-61 , -61 , -61 , -58
-63 , -61 , -62 , -58
-61 , -60 , -60 , -58
-63 , -61 , -62 , -58
-60 , -61 , -60 , -58
-61 , -61 , -61 , -56
-61 , -60 , -59 , -59
-61 , -61 , -60 , -56
-60 , -61 , -62 , -58
-61 , -67 , -67 , -58
-64 , -65 , -63 , -65
-56 , -61 , -65 , -58
-63 , -68 , -62 , -63
-67 , -61 , -63 , -58
-63 , -59 , -63 , -58
-62 , -61 , -60 , -73
-57 , -75 , -63 , -57
-61 , -68 , -65 , -68
-60 , -60 , -60 , -63
-67 , -60 , -61 , -58
-60 , -59 , -63 , -57
-61 , -60 , -60 , -56
-61 , -60 , -62 , -58
-62 , -61 , -60 , -56
-61 , -67 , -64 , -64
-60 , -60 , -60 , -56
-60 , -61 , -61 , -58
-63 , -66 , -63 , -61
-65 , -60 , -60 , -56
-60 , -60 , -61 , -58
-62 , -60 , -61 , -57
-62 , -60 , -63 , -72
-57 , -66 , -65 , -62
-63 , -68 , -63 , -73
-56 , -66 , -64 , -64
-60 , -66 , -64 , -61
-66 , -66 , -67 , -65
-69 , -60 , -61 , -59
-61 , -73 , -63 , -68
-60 , -60 , -60 , -58
-61 , -62 , -70 , -61
-61 , -72 , -63 , -67
-60 , -61 , -60 , -56
-61 , -60 , -61 , -59
-61 , -64 , -62 , -69
-56 , -68 , -65 , -63
-67 , -60 , -60 , -58
-60 , -73 , -62 , -74
-64 , -61 , -65 , -63
-67 , -68 , -62 , -58
-63 , -61 , -67 , -59
-69 , -60 , -60 , -56
-60 , -64 , -65 , -62
-61 , -61 , -64 , -58
-63 , -62 , -62 , -58
-63 , -66 , -63 , -64
-60 , -59 , -65 , -59
-62 , -61 , -62 , -58
-63 , -80 , -62 , -72
-59 , -60 , -61 , -58
-62 , -61 , -66 , -58
-63 , -60 , -60 , -56
-61 , -60 , -61 , -58
-62 , -61 , -60 , -56
-61 , -67 , -63 , -74
-56 , -62 , -68 , -62
-57 , -66 , -61 , -58
-62 , -60 , -60 , -56
-61 , -61 , -60 , -58
-61 , -60 , -60 , -58
-60 , -60 , -60 , -56
-60 , -61 , -62 , -58
-64 , -61 , -60 , -56
-61 , -60 , -61 , -58
-62 , -63 , -65 , -63
-62 , -67 , -64 , -64
-60 , -60 , -61 , -58
-61 , -60 , -61 , -58
-61 , -61 , -62 , -58
-63 , -61 , -61 , -58
-62 , -68 , -64 , -61
-66 , -63 , -62 , -71
-56 , -80 , -62 , -72
-59 , -79 , -60 , -56
-61 , -61 , -63 , -56
-62 , -59 , -61 , -58
-62 , -61 , -62 , -58
-63 , -60 , -61 , -59
-61 , -62 , -69 , -61
-62 , -61 , -60 , -55
-60 , -64 , -62 , -71
-56 , -62 , -69 , -61
-62 , -61 , -60 , -56
-61 , -61 , -59 , -56
-60 , -60 , -61 , -58
-62 , -70 , -62 , -75
-58 , -73 , -63 , -69
-60 , -59 , -62 , -56
-62 , -73 , -63 , -69
-59 , -81 , -63 , -71
-59 , -60 , -61 , -58
-61 , -60 , -62 , -76
-58 , -71 , -60 , -56
-60 , -61 , -66 , -59
-61 , -60 , -60 , -56
-62 , -65 , -63 , -76
-57 , -74 , -63 , -68
-60 , -61 , -62 , -58
-63 , -62 , -63 , -59
-64 , -69 , -66 , -63
-68 , -66 , -63 , -78
-58 , -60 , -60 , -56
-61 , -60 , -60 , -56
-60 , -63 , -63 , -58
-64 , -60 , -61 , -59
-61 , -75 , -63 , -68
-60 , -61 , -60 , -56
-60 , -60 , -60 , -58
-61 , -60 , -61 , -58
-61 , -61 , -60 , -57
-62 , -61 , -63 , -59
-64 , -62 , -60 , -56
-62 , -60 , -60 , -58
-60 , -61 , -60 , -56
-61 , -60 , -61 , -58
-62 , -60 , -61 , -58
-61 , -60 , -60 , -56
-62 , -61 , -60 , -56
-61 , -60 , -59 , -56
-60 , -60 , -59 , -56
-61 , -61 , -60 , -56
-60 , -60 , -60 , -58
-61 , -61 , -60 , -56
-60 , -61 , -60 , -56
-61 , -59 , -61 , -58
-62 , -64 , -66 , -62
-61 , -82 , -63 , -72
-62 , -60 , -69 , -61
-61 , -63 , -62 , -58
-63 , -60 , -64 , -68
-58 , -59 , -61 , -58
-62 , -60 , -61 , -58
-61 , -62 , -60 , -56
-60 , -62 , -70 , -61
-61 , -65 , -67 , -62
-62 , -61 , -62 , -58
-61 , -65 , -67 , -62
-63 , -60 , -60 , -56
-61 , -61 , -67 , -59
-62 , -61 , -62 , -58
-62 , -61 , -67 , -59
-64 , -59 , -61 , -58
-62 , -60 , -62 , -59
-63 , -61 , -64 , -61
-63 , -64 , -60 , -56
-65 , -62 , -65 , -63
-60 , -68 , -63 , -59
-60 , -60 , -61 , -59
-64 , -62 , -60 , -56
-62 , -63 , -69 , -61
-61 , -62 , -64 , -67
-62 , -62 , -58 , -56
-60 , -60 , -60 , -56
-61 , -61 , -61 , -59
-61 , -60 , -61 , -58
-62 , -60 , -61 , -59
-64 , -61 , -64 , -58
-62 , -62 , -59 , -56
-62 , -60 , -60 , -56
-61 , -61 , -61 , -59
-61 , -62 , -62 , -58
-63 , -60 , -65 , -65
-60 , -61 , -60 , -59
-60 , -66 , -62 , -58
-60 , -61 , -65 , -62
-64 , -68 , -59 , -56
-66 , -61 , -63 , -73
-60 , -60 , -63 , -72
-58 , -61 , -59 , -56
-58 , -63 , -61 , -59
-60 , -61 , -61 , -59
-61 , -65 , -70 , -61
-61 , -60 , -67 , -59
-60 , -62 , -64 , -61
-62 , -60 , -64 , -58
-65 , -63 , -60 , -57
-63 , -61 , -67 , -59
-60 , -61 , -63 , -59
-62 , -65 , -59 , -56
-64 , -60 , -60 , -58
-60 , -61 , -60 , -58
-65 , -62 , -59 , -56
-62 , -62 , -72 , -60
-59 , -62 , -60 , -57
-62 , -64 , -60 , -56
-60 , -60 , -67 , -62
-61 , -61 , -67 , -65
-61 , -61 , -63 , -57
-70 , -60 , -60 , -58
-63 , -61 , -59 , -56
-60 , -65 , -61 , -59
-60 , -67 , -59 , -56
-62 , -60 , -64 , -61
-61 , -60 , -67 , -66
-65 , -65 , -62 , -57
-70 , -60 , -60 , -59
-63 , -61 , -63 , -61
-60 , -66 , -60 , -59
-65 , -61 , -59 , -55
-62 , -61 , -60 , -57
-66 , -61 , -60 , -57
-60 , -63 , -62 , -57
-60 , -77 , -69 , -61
-64 , -68 , -62 , -70
-62 , -61 , -66 , -64
-58 , -61 , -62 , -69
-68 , -60 , -61 , -58
-59 , -60 , -62 , -59
-63 , -67 , -65 , -58
-63 , -61 , -60 , -58
-62 , -60 , -64 , -61
-62 , -67 , -60 , -58
-66 , -77 , -67 , -58
-60 , -60 , -64 , -61
-62 , -60 , -62 , -70
-66 , -61 , -60 , -58
-61 , -67 , -59 , -56
-62 , -61 , -64 , -64
-61 , -61 , -64 , -58
-60 , -61 , -60 , -56
-64 , -64 , -61 , -58
-60 , -75 , -66 , -62
-63 , -69 , -66 , -62
-61 , -61 , -63 , -67
-61 , -61 , -62 , -75
-60 , -61 , -61 , -58
-58 , -61 , -60 , -58
-64 , -60 , -62 , -59
-60 , -60 , -61 , -58
-63 , -67 , -61 , -58
-63 , -61 , -60 , -56
-62 , -78 , -64 , -64
-62 , -61 , -61 , -58
-60 , -61 , -62 , -71
-63 , -69 , -61 , -58
-64 , -60 , -62 , -76
-61 , -63 , -65 , -58
-58 , -60 , -62 , -59
-62 , -60 , -61 , -59
-64 , -61 , -62 , -58
-61 , -65 , -62 , -57
-63 , -60 , -60 , -56
-63 , -61 , -63 , -61
-61 , -61 , -61 , -58
-65 , -62 , -61 , -59
-63 , -63 , -60 , -56
-61 , -61 , -62 , -74
-60 , -63 , -62 , -75
-56 , -60 , -60 , -56
-56 , -78 , -68 , -61
-61 , -61 , -60 , -58
-61 , -60 , -63 , -71
-61 , -62 , -60 , -56
-61 , -67 , -70 , -61
-62 , -61 , -64 , -61
-62 , -67 , -59 , -56
-66 , -61 , -64 , -61
-60 , -68 , -62 , -58
-66 , -60 , -66 , -63
-64 , -68 , -60 , -56
-68 , -69 , -61 , -59
-60 , -60 , -67 , -65
-61 , -61 , -62 , -77
-69 , -61 , -60 , -58
-58 , -61 , -61 , -58
-60 , -70 , -62 , -58
-63 , -62 , -60 , -56
-63 , -67 , -62 , -78
-60 , -65 , -62 , -73
-58 , -60 , -64 , -61
-56 , -63 , -63 , -61
-66 , -61 , -62 , -57
-63 , -66 , -62 , -58
-56 , -67 , -62 , -78
-62 , -60 , -64 , -61
-57 , -64 , -61 , -59
-66 , -67 , -65 , -62
-60 , -62 , -61 , -77
-61 , -62 , -60 , -58
-57 , -70 , -60 , -56
-61 , -72 , -60 , -56
-62 , -65 , -61 , -76
-61 , -80 , -63 , -68
-58 , -60 , -63 , -61
-60 , -61 , -62 , -72
-65 , -62 , -61 , -59
-62 , -66 , -60 , -56
-62 , -60 , -60 , -56
-61 , -67 , -62 , -78
-61 , -61 , -61 , -59
-57 , -60 , -67 , -65
-69 , -63 , -67 , -59
-63 , -61 , -62 , -59
-61 , -73 , -60 , -56
-63 , -61 , -63 , -68
-60 , -61 , -60 , -57
-59 , -60 , -61 , -58
-61 , -65 , -62 , -77
-63 , -68 , -61 , -59
-58 , -62 , -63 , -61
-62 , -62 , -66 , -63
-65 , -62 , -60 , -56
-67 , -60 , -68 , -61
-61 , -61 , -70 , -61
-61 , -62 , -60 , -58
-61 , -60 , -64 , -58
-61 , -61 , -60 , -56
-63 , -62 , -61 , -59
-61 , -67 , -60 , -58
-60 , -64 , -64 , -61
-63 , -61 , -60 , -57
-65 , -60 , -67 , -62
-62 , -61 , -60 , -58
-61 , -67 , -60 , -56
-60 , -60 , -60 , -56
-62 , -59 , -65 , -64
-61 , -61 , -60 , -58
-60 , -63 , -61 , -58
-61 , -68 , -60 , -56
-63 , -60 , -61 , -58
-62 , -60 , -62 , -72
-62 , -63 , -65 , -63
-56 , -62 , -61 , -58
-66 , -61 , -60 , -56
-61 , -61 , -62 , -60
-62 , -62 , -70 , -61
-63 , -61 , -61 , -58
-62 , -62 , -61 , -58
-60 , -62 , -60 , -56
-63 , -61 , -70 , -61
-61 , -63 , -61 , -58
-59 , -61 , -61 , -59
-63 , -61 , -67 , -62
-61 , -61 , -61 , -58
-61 , -61 , -60 , -56
-64 , -64 , -67 , -65
-60 , -61 , -61 , -58
-69 , -68 , -61 , -59
-61 , -61 , -63 , -71
-61 , -61 , -61 , -59
-56 , -61 , -65 , -63
-61 , -63 , -60 , -58
-67 , -63 , -60 , -58
-62 , -61 , -61 , -58
-61 , -61 , -63 , -72
-62 , -62 , -62 , -59
-63 , -61 , -61 , -58
-63 , -60 , -71 , -61
-63 , -79 , -60 , -58
-62 , -59 , -60 , -56
-61 , -61 , -63 , -71
-59 , -61 , -60 , -58
-62 , -59 , -60 , -56
-60 , -61 , -61 , -58
-61 , -60 , -61 , -59
-62 , -78 , -61 , -58
-61 , -71 , -62 , -58
-62 , -61 , -61 , -56
-63 , -62 , -62 , -71
-62 , -66 , -63 , -68
-59 , -67 , -61 , -56
-60 , -63 , -61 , -56
-61 , -62 , -63 , -61
-65 , -65 , -62 , -59
-65 , -68 , -61 , -58
-63 , -71 , -63 , -61
-62 , -63 , -67 , -65
-65 , -60 , -62 , -74
-58 , -72 , -62 , -57
-61 , -68 , -69 , -61
-62 , -63 , -62 , -56
-61 , -61 , -63 , -68
-63 , -62 , -67 , -65
-60 , -60 , -62 , -71
-69 , -66 , -61 , -59
-56 , -60 , -69 , -61
-62 , -60 , -60 , -56
-62 , -61 , -64 , -61
-60 , -61 , -60 , -58
-65 , -62 , -68 , -59
-60 , -63 , -60 , -56
-61 , -60 , -62 , -58
-60 , -71 , -61 , -58
-64 , -61 , -60 , -56
-63 , -59 , -61 , -74
-60 , -61 , -61 , -56
-58 , -60 , -62 , -74
-63 , -60 , -61 , -56
-62 , -61 , -62 , -59
-58 , -60 , -61 , -58
-62 , -60 , -63 , -57
-62 , -69 , -62 , -58
-61 , -58 , -63 , -57
-63 , -61 , -61 , -57
-63 , -60 , -63 , -74
-63 , -71 , -66 , -59
-62 , -60 , -60 , -57
-62 , -61 , -62 , -73
-60 , -69 , -62 , -59
-62 , -64 , -62 , -58
-58 , -61 , -67 , -64
-61 , -67 , -62 , -69
-63 , -69 , -62 , -56
-56 , -62 , -68 , -62
-61 , -63 , -62 , -62
-65 , -62 , -71 , -56
-67 , -62 , -63 , -61
-61 , -61 , -68 , -59
-59 , -78 , -70 , -61
-62 , -61 , -61 , -61
-63 , -60 , -62 , -57
-61 , -63 , -61 , -57
-62 , -60 , -61 , -72
-59 , -59 , -61 , -58
-61 , -60 , -63 , -59
-61 , -60 , -62 , -56
-63 , -59 , -61 , -57
-61 , -59 , -65 , -57
-62 , -60 , -67 , -58
-61 , -66 , -64 , -59
-62 , -60 , -61 , -58
-61 , -70 , -62 , -64
-61 , -60 , -61 , -58
-60 , -62 , -63 , -60
-61 , -59 , -61 , -58
-65 , -61 , -61 , -73
-61 , -61 , -64 , -58
-57 , -65 , -62 , -58
-61 , -63 , -61 , -57
-63 , -61 , -64 , -58
-63 , -61 , -70 , -64
-61 , -61 , -61 , -59
-60 , -69 , -61 , -61
-63 , -79 , -64 , -58
-62 , -65 , -63 , -56
-61 , -68 , -63 , -73
-57 , -58 , -60 , -69
-58 , -69 , -60 , -68
-56 , -61 , -63 , -58
-59 , -60 , -65 , -58
-61 , -61 , -60 , -57
-61 , -62 , -60 , -63
-62 , -63 , -60 , -55
-67 , -67 , -61 , -56
-60 , -61 , -66 , -56
-61 , -61 , -63 , -58
-61 , -73 , -60 , -62
-63 , -74 , -61 , -61
-65 , -61 , -62 , -58
-61 , -60 , -60 , -73
-63 , -61 , -60 , -73
-58 , -59 , -68 , -56
-58 , -61 , -63 , -56
-61 , -64 , -61 , -61
-61 , -59 , -61 , -58
-62 , -61 , -61 , -58
-61 , -68 , -63 , -59
-63 , -59 , -63 , -58
-61 , -62 , -68 , -57
-63 , -64 , -67 , -67
-62 , -66 , -63 , -61
-60 , -65 , -66 , -65
-61 , -61 , -62 , -56
-69 , -70 , -63 , -62
-62 , -75 , -64 , -59
-63 , -61 , -63 , -64
-65 , -59 , -62 , -58
-60 , -69 , -67 , -67
-61 , -62 , -63 , -73
-60 , -70 , -65 , -61
-59 , -59 , -67 , -57
-61 , -59 , -63 , -63
-67 , -61 , -67 , -67
-61 , -61 , -60 , -59
-59 , -63 , -61 , -56
-61 , -62 , -69 , -58
-61 , -60 , -61 , -61
-62 , -61 , -62 , -58
-62 , -68 , -62 , -59
-61 , -62 , -60 , -58
-63 , -61 , -60 , -58
-63 , -60 , -67 , -57
-61 , -60 , -62 , -65
-69 , -70 , -61 , -58
-63 , -59 , -61 , -58
-60 , -61 , -63 , -58
-64 , -59 , -64 , -67
-61 , -59 , -62 , -58
-60 , -61 , -65 , -58
-62 , -61 , -60 , -58
-63 , -61 , -61 , -56
-61 , -61 , -61 , -59
-62 , -60 , -65 , -59
-61 , -61 , -62 , -58
-61 , -66 , -62 , -58
-61 , -73 , -66 , -57
-63 , -61 , -60 , -57
-63 , -61 , -63 , -56
-63 , -61 , -62 , -61
-61 , -68 , -62 , -60
-65 , -60 , -61 , -58
-59 , -60 , -63 , -61
-63 , -61 , -61 , -59
-62 , -60 , -61 , -71
-61 , -61 , -61 , -57
-58 , -61 , -62 , -58
-62 , -62 , -59 , -58
-61 , -60 , -68 , -56
-63 , -60 , -62 , -56
-61 , -65 , -63 , -62
-61 , -62 , -61 , -57
-62 , -60 , -61 , -69
-63 , -61 , -63 , -58
-56 , -61 , -67 , -57
-62 , -72 , -61 , -60
-62 , -61 , -60 , -61
-64 , -61 , -69 , -57
-62 , -71 , -62 , -61
-60 , -67 , -62 , -73
-62 , -60 , -59 , -58
-58 , -62 , -62 , -56
-63 , -61 , -62 , -73
-62 , -60 , -62 , -72
-58 , -71 , -62 , -57
-58 , -76 , -69 , -58
-62 , -60 , -61 , -61
-63 , -60 , -62 , -58
-62 , -61 , -62 , -73
-61 , -63 , -61 , -72
-58 , -59 , -61 , -59
-59 , -62 , -60 , -57
-62 , -60 , -60 , -58
-62 , -60 , -66 , -58
-61 , -68 , -67 , -62
-63 , -68 , -67 , -59
-61 , -62 , -60 , -61
-61 , -62 , -64 , -58
-61 , -62 , -67 , -61
-61 , -66 , -68 , -64
-66 , -61 , -61 , -62
-69 , -66 , -61 , -58
-61 , -62 , -63 , -58
-63 , -63 , -61 , -72
-63 , -63 , -63 , -59
-57 , -63 , -62 , -71
-61 , -61 , -65 , -58
-58 , -69 , -63 , -62
-63 , -61 , -60 , -59
-61 , -62 , -63 , -57
-63 , -61 , -67 , -59
-61 , -61 , -66 , -61
-63 , -63 , -62 , -63
-62 , -59 , -62 , -58
-68 , -60 , -61 , -58
-62 , -70 , -61 , -58
-61 , -63 , -63 , -62
-63 , -61 , -60 , -58
-61 , -61 , -62 , -58
-61 , -76 , -65 , -68
-61 , -61 , -59 , -62
-60 , -76 , -70 , -56
-61 , -60 , -62 , -61
-61 , -59 , -59 , -71
-62 , -63 , -62 , -58
-62 , -63 , -60 , -71
-61 , -62 , -67 , -56
-60 , -61 , -60 , -58
-61 , -60 , -62 , -58
-61 , -62 , -63 , -59
-61 , -60 , -61 , -68
-63 , -68 , -62 , -58
-56 , -63 , -61 , -58
-63 , -61 , -68 , -57
-63 , -62 , -59 , -61
-61 , -78 , -66 , -64
-60 , -60 , -61 , -62
-69 , -61 , -62 , -59
-61 , -69 , -62 , -58
-61 , -62 , -59 , -71
-63 , -64 , -70 , -56
-60 , -60 , -67 , -61
-61 , -61 , -62 , -65
-62 , -59 , -62 , -58
-69 , -61 , -60 , -59
-63 , -60 , -62 , -56
-63 , -63 , -63 , -57
-61 , -60 , -67 , -60
-63 , -60 , -60 , -59
-65 , -61 , -65 , -56
-61 , -61 , -66 , -58
-62 , -62 , -60 , -62
-62 , -60 , -61 , -56
-62 , -64 , -61 , -58
-61 , -60 , -60 , -59
-61 , -65 , -60 , -56
-61 , -69 , -62 , -58
-61 , -60 , -59 , -68
-61 , -59 , -64 , -56
-56 , -62 , -65 , -64
-61 , -60 , -66 , -63
-60 , -61 , -62 , -58
-67 , -60 , -62 , -56
-63 , -61 , -60 , -58
-62 , -64 , -61 , -58
-62 , -60 , -66 , -58
-61 , -59 , -61 , -63
-59 , -61 , -61 , -57
-67 , -72 , -62 , -59
-62 , -64 , -61 , -59
-61 , -61 , -67 , -58
-63 , -68 , -60 , -59
-61 , -63 , -62 , -56
-60 , -61 , -70 , -68
-59 , -64 , -64 , -61
-56 , -61 , -62 , -61
-62 , -72 , -61 , -59
-66 , -61 , -62 , -59
-63 , -68 , -61 , -59
-61 , -61 , -62 , -59
-63 , -61 , -61 , -73
-61 , -67 , -64 , -59
-59 , -60 , -61 , -61
-61 , -63 , -70 , -58
-66 , -59 , -60 , -61
-61 , -64 , -63 , -58
-62 , -66 , -61 , -71
-61 , -66 , -66 , -56
-58 , -71 , -67 , -62
-62 , -60 , -62 , -59
-61 , -64 , -64 , -68
-61 , -77 , -63 , -64
-60 , -66 , -60 , -68
-65 , -60 , -63 , -58
-60 , -64 , -62 , -68
-61 , -68 , -63 , -71
-56 , -61 , -60 , -60
-60 , -63 , -63 , -56
-65 , -61 , -67 , -68
-56 , -63 , -66 , -58
-70 , -61 , -60 , -62
-62 , -61 , -60 , -56
-61 , -61 , -61 , -56
-61 , -71 , -63 , -58
-61 , -72 , -61 , -68
-61 , -68 , -60 , -58
-56 , -60 , -60 , -58
-61 , -64 , -62 , -56
-62 , -77 , -62 , -72
-58 , -63 , -59 , -64
-59 , -59 , -62 , -58
-69 , -60 , -62 , -59
-61 , -60 , -66 , -71
-63 , -61 , -62 , -62
-59 , -59 , -60 , -58
-61 , -61 , -59 , -56
-62 , -73 , -60 , -56
-61 , -64 , -65 , -58
-60 , -66 , -60 , -58
-61 , -68 , -61 , -58
-61 , -62 , -61 , -72
-61 , -60 , -63 , -56
-58 , -68 , -63 , -68
-63 , -75 , -63 , -60
-56 , -61 , -59 , -72
-65 , -60 , -59 , -56
-58 , -61 , -65 , -56
-61 , -69 , -62 , -63
-68 , -61 , -62 , -58
-59 , -61 , -61 , -58
-61 , -62 , -63 , -58
-62 , -60 , -61 , -68
-61 , -69 , -61 , -58
-60 , -60 , -68 , -58
-63 , -61 , -60 , -61
-63 , -61 , -65 , -57
-61 , -60 , -60 , -63
-62 , -61 , -60 , -59
-66 , -65 , -69 , -57
-62 , -60 , -61 , -61
-61 , -65 , -60 , -59
-62 , -66 , -60 , -58
-61 , -60 , -63 , -56
-61 , -60 , -59 , -68
-61 , -61 , -62 , -56
-56 , -62 , -63 , -68
-60 , -69 , -60 , -60
-64 , -70 , -60 , -56
-62 , -60 , -61 , -57
-61 , -59 , -65 , -58
-61 , -60 , -63 , -63
-63 , -73 , -60 , -68
-67 , -61 , -65 , -58
-60 , -62 , -59 , -59
-61 , -60 , -63 , -56
-61 , -62 , -61 , -71
-60 , -59 , -61 , -58
-58 , -61 , -60 , -58
-63 , -60 , -59 , -58
-63 , -60 , -61 , -56
-61 , -59 , -61 , -58
-62 , -60 , -61 , -58
-63 , -63 , -60 , -58
-62 , -61 , -62 , -57
-63 , -61 , -60 , -62
-62 , -61 , -60 , -56
-61 , -68 , -61 , -58
-61 , -70 , -60 , -58
-62 , -59 , -63 , -59
-61 , -66 , -65 , -56
-61 , -60 , -62 , -67
-60 , -63 , -62 , -63
-60 , -66 , -62 , -57
-61 , -61 , -63 , -57
-56 , -61 , -63 , -59
-62 , -60 , -68 , -60
-63 , -61 , -69 , -61
-65 , -59 , -60 , -61
-66 , -61 , -60 , -61
-62 , -68 , -59 , -58
-62 , -63 , -60 , -58
-61 , -58 , -70 , -56
-60 , -61 , -63 , -56
-60 , -61 , -62 , -60
-62 , -61 , -60 , -59
-65 , -68 , -61 , -57
-64 , -70 , -60 , -56
-62 , -61 , -63 , -58
-61 , -63 , -64 , -57
-63 , -61 , -60 , -70
-61 , -60 , -67 , -67
-60 , -61 , -62 , -62
-61 , -68 , -61 , -57
-61 , -62 , -62 , -57
-61 , -60 , -61 , -58
-62 , -62 , -63 , -71
-64 , -60 , -62 , -58
-59 , -65 , -61 , -61
-61 , -60 , -66 , -58
-66 , -61 , -60 , -56
-63 , -60 , -62 , -62
-61 , -73 , -60 , -68
-61 , -61 , -59 , -57
-56 , -72 , -62 , -57
-62 , -68 , -60 , -56
-61 , -61 , -62 , -71
-61 , -60 , -67 , -56
-58 , -61 , -61 , -71
-58 , -62 , -67 , -58
-69 , -69 , -62 , -56
-62 , -59 , -67 , -61
-60 , -60 , -65 , -57
-62 , -60 , -62 , -61
-63 , -60 , -62 , -62
-62 , -60 , -59 , -67
-61 , -59 , -60 , -57
-60 , -70 , -60 , -56
-62 , -62 , -60 , -58
-62 , -66 , -66 , -58
-61 , -76 , -60 , -59
-61 , -63 , -63 , -68
-61 , -65 , -62 , -56
-60 , -61 , -62 , -60
-61 , -61 , -63 , -70
-65 , -61 , -60 , -59
-65 , -59 , -63 , -58
-61 , -61 , -62 , -57
-63 , -61 , -63 , -59
-63 , -61 , -66 , -58
-63 , -61 , -60 , -60
-63 , -60 , -60 , -59
-64 , -61 , -60 , -56
-61 , -61 , -60 , -56
-61 , -73 , -60 , -58
-60 , -66 , -59 , -58
-61 , -61 , -62 , -56
-61 , -64 , -63 , -56
-60 , -64 , -61 , -70
-60 , -60 , -63 , -60
-59 , -60 , -63 , -58
-64 , -60 , -60 , -64
-61 , -67 , -59 , -67
-56 , -60 , -62 , -56
-61 , -61 , -59 , -57
-61 , -69 , -62 , -70
-62 , -58 , -61 , -58
-58 , -59 , -59 , -58
-61 , -61 , -62 , -56
-61 , -61 , -66 , -56
-62 , -59 , -64 , -68
-60 , -59 , -62 , -59
-60 , -69 , -62 , -59
-61 , -61 , -64 , -57
-63 , -60 , -66 , -58
-63 , -64 , -62 , -59
-62 , -69 , -59 , -59
-62 , -60 , -62 , -63
-66 , -68 , -62 , -56
-63 , -72 , -60 , -56
-60 , -62 , -61 , -58
-61 , -64 , -62 , -64
-69 , -60 , -62 , -71
-58 , -60 , -62 , -58
-62 , -61 , -63 , -58
-63 , -67 , -59 , -68
-60 , -61 , -61 , -58
-62 , -60 , -61 , -65
-60 , -61 , -64 , -56
-61 , -60 , -60 , -58
-62 , -62 , -59 , -61
-65 , -69 , -61 , -57
-61 , -65 , -62 , -58
-61 , -64 , -66 , -56
-60 , -69 , -63 , -58
-61 , -60 , -62 , -58
-62 , -61 , -65 , -62
-63 , -67 , -61 , -63
-67 , -59 , -64 , -58
-61 , -60 , -62 , -56
-60 , -61 , -64 , -57
-61 , -60 , -65 , -62
-61 , -60 , -64 , -58
-63 , -60 , -60 , -61
-65 , -62 , -61 , -58
-62 , -61 , -60 , -58
-62 , -61 , -60 , -55
-61 , -68 , -61 , -58
-61 , -61 , -61 , -56
-61 , -61 , -64 , -56
-60 , -61 , -61 , -58
-62 , -71 , -59 , -58
-63 , -70 , -60 , -61
-65 , -60 , -63 , -56
-60 , -64 , -63 , -71
-59 , -67 , -60 , -62
-67 , -61 , -61 , -56
-62 , -60 , -60 , -70
-59 , -61 , -64 , -58
-61 , -61 , -62 , -58
-61 , -60 , -60 , -57
-61 , -73 , -60 , -68
