-68 , -62 , -62 , -72
-67 , -54 , -61 , -65
-67 , -62 , -62 , -75
-71 , -54 , -60 , -71
-67 , -61 , -62 , -72
-74 , -54 , -61 , -66
-67 , -57 , -55 , -59
-70 , -59 , -55 , -61
-76 , -55 , -56 , -59
-72 , -54 , -62 , -66
-70 , -55 , -60 , -73
-70 , -54 , -62 , -67
-70 , -62 , -62 , -74
-66 , -53 , -61 , -69
-75 , -59 , -60 , -73
-74 , -55 , -60 , -76
-70 , -55 , -62 , -73
-71 , -54 , -64 , -65
-68 , -59 , -60 , -59
-69 , -54 , -62 , -60
-70 , -56 , -62 , -76
-63 , -57 , -62 , -65
-67 , -55 , -58 , -58
-67 , -56 , -61 , -65
-68 , -54 , -63 , -64
-68 , -54 , -64 , -67
-73 , -56 , -62 , -67
-67 , -62 , -62 , -71
-65 , -54 , -65 , -63
-77 , -56 , -59 , -61
-65 , -54 , -65 , -65
-74 , -54 , -64 , -66
-68 , -53 , -66 , -74
-67 , -62 , -66 , -65
-65 , -58 , -60 , -61
-70 , -58 , -58 , -74
-71 , -63 , -67 , -70
-75 , -54 , -65 , -72
-67 , -60 , -60 , -67
-66 , -53 , -65 , -62
-68 , -58 , -64 , -77
-66 , -58 , -64 , -61
-67 , -54 , -59 , -70
-66 , -63 , -67 , -74
-72 , -57 , -66 , -59
-70 , -54 , -63 , -68
-63 , -53 , -61 , -79
-76 , -59 , -63 , -75
-65 , -61 , -66 , -72
-76 , -56 , -65 , -59
-66 , -53 , -61 , -71
-68 , -55 , -67 , -82
-63 , -60 , -65 , -76
-64 , -59 , -64 , -59
-69 , -60 , -65 , -64
-68 , -52 , -60 , -87
-62 , -63 , -62 , -64
-66 , -53 , -62 , -68
-67 , -59 , -62 , -62
-79 , -55 , -65 , -64
-72 , -53 , -62 , -62
-61 , -55 , -65 , -65
-59 , -54 , -56 , -60
-65 , -55 , -66 , -59
-63 , -57 , -59 , -68
-65 , -63 , -59 , -60
-71 , -65 , -63 , -65
-64 , -62 , -56 , -69
-62 , -61 , -60 , -69
-67 , -59 , -61 , -63
-78 , -60 , -62 , -61
-66 , -59 , -60 , -61
-72 , -70 , -61 , -71
-65 , -65 , -62 , -71
-63 , -60 , -63 , -64
-62 , -63 , -61 , -68
-67 , -60 , -63 , -63
-64 , -60 , -58 , -73
-68 , -59 , -61 , -64
-70 , -59 , -61 , -63
-68 , -64 , -60 , -63
-81 , -58 , -60 , -65
-70 , -62 , -62 , -72
-65 , -70 , -61 , -70
-66 , -55 , -62 , -64
-62 , -55 , -60 , -66
-73 , -56 , -63 , -63
-65 , -55 , -59 , -62
-66 , -54 , -59 , -67
-63 , -53 , -61 , -65
-72 , -60 , -61 , -74
-79 , -53 , -63 , -67
-68 , -56 , -59 , -60
-61 , -60 , -62 , -81
-61 , -59 , -62 , -78
-60 , -54 , -62 , -67
-62 , -57 , -60 , -74
-68 , -59 , -62 , -73
-65 , -59 , -61 , -74
-69 , -59 , -59 , -74
-68 , -61 , -61 , -65
-67 , -60 , -63 , -73
-67 , -61 , -62 , -59
-70 , -61 , -56 , -61
-67 , -56 , -60 , -63
-76 , -53 , -62 , -61
-63 , -55 , -61 , -60
-70 , -57 , -61 , -68
-72 , -63 , -64 , -64
-64 , -54 , -62 , -73
-62 , -56 , -62 , -69
-65 , -55 , -62 , -69
-64 , -61 , -64 , -70
-73 , -58 , -62 , -63
-73 , -56 , -61 , -64
-65 , -53 , -61 , -63
-79 , -53 , -67 , -62
-75 , -53 , -64 , -67
-63 , -52 , -60 , -69
-69 , -54 , -64 , -65
-72 , -55 , -66 , -64
-62 , -58 , -57 , -68
-73 , -57 , -63 , -67
-75 , -53 , -62 , -71
-63 , -58 , -62 , -72
-65 , -57 , -64 , -71
-65 , -56 , -62 , -68
-71 , -59 , -62 , -69
-72 , -59 , -62 , -67
-69 , -59 , -62 , -65
-59 , -60 , -62 , -59
-64 , -55 , -58 , -61
-67 , -54 , -60 , -65
-71 , -55 , -61 , -75
-64 , -61 , -64 , -60
-65 , -54 , -61 , -60
-68 , -54 , -61 , -65
-73 , -52 , -61 , -62
-76 , -53 , -60 , -68
-70 , -60 , -63 , -70
-66 , -54 , -59 , -58
-67 , -58 , -60 , -63
-63 , -53 , -60 , -75
-64 , -59 , -60 , -63
-61 , -54 , -60 , -73
-65 , -61 , -62 , -63
-66 , -53 , -64 , -79
-63 , -53 , -61 , -67
-68 , -54 , -61 , -69
-70 , -54 , -61 , -76
-81 , -58 , -60 , -65
-68 , -60 , -61 , -61
-69 , -58 , -65 , -69
-69 , -58 , -60 , -61
-69 , -61 , -62 , -71
-65 , -57 , -60 , -74
-72 , -60 , -61 , -68
-66 , -57 , -64 , -63
-68 , -56 , -58 , -64
-67 , -53 , -59 , -80
-75 , -54 , -64 , -61
-69 , -61 , -66 , -61
-65 , -55 , -59 , -80
-76 , -55 , -60 , -60
-63 , -54 , -63 , -84
-67 , -59 , -62 , -70
-65 , -53 , -66 , -73
-69 , -61 , -67 , -63
-65 , -53 , -66 , -74
-68 , -56 , -61 , -70
-66 , -62 , -67 , -80
-71 , -52 , -64 , -74
-66 , -61 , -67 , -80
-75 , -62 , -65 , -68
-66 , -61 , -67 , -74
-66 , -53 , -66 , -70
-67 , -54 , -64 , -86
-80 , -55 , -59 , -59
-68 , -57 , -63 , -61
-67 , -55 , -56 , -72
-68 , -55 , -60 , -59
-64 , -61 , -64 , -61
-65 , -55 , -55 , -71
-66 , -58 , -61 , -67
-71 , -54 , -62 , -71
-68 , -63 , -65 , -80
-67 , -54 , -64 , -69
-67 , -57 , -62 , -60
-69 , -61 , -63 , -66
-69 , -62 , -63 , -69
-66 , -59 , -57 , -64
-64 , -53 , -63 , -71
-65 , -54 , -64 , -63
-62 , -60 , -59 , -66
-66 , -55 , -62 , -74
-66 , -62 , -64 , -61
-70 , -56 , -63 , -63
-67 , -58 , -58 , -57
-75 , -58 , -59 , -60
-63 , -56 , -63 , -70
-61 , -60 , -58 , -62
-64 , -59 , -61 , -71
-67 , -64 , -62 , -76
-68 , -68 , -62 , -64
-67 , -66 , -62 , -65
-62 , -67 , -63 , -62
-74 , -56 , -62 , -64
-63 , -59 , -63 , -69
-67 , -63 , -61 , -66
-67 , -62 , -57 , -66
-65 , -70 , -67 , -66
-68 , -61 , -64 , -67
-68 , -60 , -64 , -67
-74 , -63 , -61 , -66
-71 , -61 , -63 , -66
-70 , -59 , -62 , -68
-65 , -69 , -65 , -69
-70 , -58 , -63 , -62
-63 , -76 , -65 , -68
-64 , -69 , -62 , -60
-71 , -61 , -56 , -66
-62 , -54 , -63 , -65
-65 , -58 , -59 , -61
-64 , -55 , -63 , -60
-74 , -54 , -61 , -61
-73 , -54 , -58 , -63
-66 , -58 , -58 , -77
-64 , -54 , -61 , -81
-72 , -59 , -59 , -59
-70 , -56 , -61 , -65
-74 , -59 , -61 , -67
-73 , -56 , -57 , -68
-62 , -53 , -62 , -72
-61 , -55 , -63 , -65
-63 , -59 , -62 , -70
-68 , -58 , -62 , -71
-70 , -52 , -63 , -81
-61 , -61 , -62 , -61
-61 , -61 , -63 , -66
-65 , -60 , -64 , -63
-66 , -56 , -63 , -70
-69 , -54 , -61 , -63
-76 , -54 , -62 , -65
-79 , -53 , -63 , -64
-62 , -56 , -56 , -67
-62 , -54 , -59 , -63
-75 , -58 , -58 , -65
-62 , -61 , -63 , -63
-63 , -56 , -57 , -64
-63 , -57 , -61 , -63
-66 , -54 , -60 , -68
-62 , -56 , -62 , -60
-66 , -54 , -63 , -59
-61 , -55 , -67 , -70
-68 , -58 , -60 , -69
-63 , -58 , -56 , -63
-70 , -54 , -63 , -61
-65 , -56 , -62 , -70
-68 , -55 , -64 , -72
-69 , -53 , -64 , -62
-69 , -58 , -60 , -75
-70 , -63 , -62 , -71
-73 , -55 , -58 , -65
-84 , -54 , -65 , -71
-75 , -55 , -63 , -66
-72 , -52 , -63 , -75
-59 , -54 , -62 , -72
-71 , -56 , -64 , -71
-65 , -64 , -65 , -76
-66 , -63 , -62 , -77
-69 , -55 , -60 , -66
-71 , -51 , -64 , -68
-64 , -57 , -63 , -66
-67 , -51 , -65 , -58
-66 , -52 , -62 , -60
-63 , -63 , -64 , -68
-58 , -57 , -61 , -70
-66 , -59 , -60 , -64
-65 , -53 , -63 , -66
-68 , -59 , -62 , -75
-67 , -53 , -57 , -58
-64 , -63 , -59 , -70
-60 , -58 , -56 , -59
-60 , -66 , -61 , -59
-64 , -57 , -65 , -60
-72 , -54 , -64 , -61
-72 , -56 , -67 , -59
-67 , -54 , -63 , -61
-61 , -53 , -62 , -78
-64 , -52 , -60 , -75
-64 , -54 , -60 , -66
-64 , -53 , -65 , -58
-63 , -59 , -63 , -68
-68 , -58 , -61 , -64
-72 , -56 , -60 , -66
-68 , -54 , -62 , -75
-74 , -68 , -62 , -65
-62 , -57 , -64 , -67
-63 , -55 , -62 , -58
-70 , -59 , -62 , -63
-67 , -54 , -63 , -76
-78 , -58 , -63 , -61
-71 , -58 , -61 , -72
-75 , -61 , -62 , -62
-68 , -55 , -62 , -63
-64 , -61 , -61 , -74
-69 , -54 , -62 , -60
-71 , -61 , -61 , -68
-66 , -59 , -61 , -76
-67 , -57 , -60 , -59
-72 , -55 , -61 , -63
-69 , -54 , -64 , -76
-68 , -60 , -56 , -66
-65 , -58 , -59 , -72
-64 , -56 , -60 , -63
-65 , -55 , -66 , -72
-76 , -53 , -65 , -67
-62 , -61 , -71 , -63
-64 , -59 , -62 , -69
-64 , -57 , -61 , -65
-76 , -59 , -65 , -61
-64 , -54 , -61 , -65
-72 , -54 , -68 , -76
-66 , -54 , -70 , -72
-74 , -54 , -61 , -69
-69 , -56 , -62 , -65
-69 , -53 , -74 , -84
-66 , -61 , -63 , -78
-63 , -55 , -71 , -61
-63 , -61 , -61 , -68
-67 , -61 , -68 , -59
-64 , -54 , -62 , -72
-66 , -61 , -68 , -65
-65 , -52 , -60 , -67
-65 , -53 , -67 , -59
-65 , -57 , -66 , -71
-63 , -53 , -67 , -73
-69 , -60 , -63 , -74
-61 , -52 , -64 , -74
-60 , -55 , -70 , -74
-68 , -55 , -62 , -60
-67 , -55 , -63 , -59
-72 , -64 , -66 , -59
-68 , -58 , -67 , -59
-64 , -63 , -63 , -66
-59 , -54 , -59 , -63
-64 , -59 , -62 , -64
-61 , -60 , -60 , -64
-66 , -54 , -64 , -65
-62 , -55 , -62 , -58
-67 , -56 , -64 , -59
-76 , -53 , -64 , -80
-67 , -56 , -62 , -57
-75 , -54 , -59 , -63
-61 , -58 , -62 , -76
-62 , -54 , -62 , -59
-67 , -55 , -61 , -70
-69 , -54 , -63 , -61
-69 , -60 , -60 , -75
-68 , -56 , -61 , -71
-63 , -57 , -61 , -83
-61 , -60 , -64 , -73
-66 , -54 , -64 , -62
-66 , -55 , -64 , -61
-67 , -59 , -67 , -65
-76 , -61 , -65 , -62
-65 , -62 , -85 , -61
-70 , -62 , -66 , -64
-65 , -55 , -75 , -69
-72 , -57 , -61 , -63
-72 , -54 , -70 , -71
-68 , -53 , -73 , -78
-84 , -59 , -71 , -70
-65 , -56 , -66 , -71
-76 , -52 , -63 , -59
-68 , -54 , -66 , -64
-73 , -56 , -63 , -68
-67 , -54 , -65 , -71
-65 , -61 , -62 , -89
-62 , -61 , -66 , -59
-62 , -56 , -62 , -67
-64 , -59 , -66 , -78
-71 , -53 , -65 , -60
-72 , -54 , -61 , -74
-80 , -65 , -68 , -71
-68 , -55 , -65 , -74
-65 , -56 , -61 , -77
-67 , -54 , -61 , -65
-67 , -62 , -63 , -71
-66 , -54 , -65 , -73
-70 , -54 , -60 , -67
-76 , -60 , -66 , -72
-71 , -57 , -63 , -70
-65 , -60 , -65 , -60
-66 , -61 , -65 , -71
-68 , -62 , -62 , -71
-65 , -56 , -68 , -61
-64 , -59 , -56 , -73
-70 , -64 , -67 , -63
-82 , -57 , -66 , -73
-66 , -62 , -67 , -66
-68 , -53 , -66 , -64
-66 , -61 , -67 , -68
-65 , -54 , -64 , -76
-68 , -61 , -63 , -67
-70 , -54 , -64 , -84
-75 , -59 , -67 , -80
-70 , -61 , -61 , -63
-62 , -54 , -57 , -69
-67 , -52 , -61 , -77
-61 , -54 , -62 , -75
-78 , -56 , -64 , -67
-70 , -57 , -67 , -66
-71 , -59 , -66 , -63
-75 , -57 , -62 , -62
-60 , -61 , -60 , -62
-65 , -53 , -64 , -61
-67 , -54 , -62 , -66
-63 , -54 , -60 , -72
-68 , -53 , -70 , -76
-74 , -55 , -60 , -62
-72 , -56 , -61 , -72
-73 , -65 , -64 , -60
-64 , -58 , -63 , -59
-61 , -56 , -58 , -66
-67 , -54 , -65 , -69
-69 , -68 , -60 , -63
-70 , -66 , -61 , -73
-63 , -63 , -61 , -62
-68 , -60 , -62 , -65
-69 , -59 , -58 , -62
-79 , -59 , -66 , -68
-77 , -74 , -58 , -71
-74 , -73 , -65 , -61
-77 , -62 , -62 , -60
-74 , -68 , -67 , -60
-73 , -60 , -64 , -62
-77 , -75 , -67 , -72
-75 , -66 , -61 , -73
-69 , -67 , -61 , -62
-64 , -64 , -62 , -73
-66 , -64 , -66 , -62
-65 , -61 , -65 , -62
-66 , -56 , -61 , -61
-75 , -67 , -68 , -77
-72 , -60 , -70 , -72
-70 , -64 , -69 , -73
-66 , -60 , -62 , -74
-69 , -67 , -63 , -72
-83 , -59 , -64 , -76
-75 , -54 , -63 , -61
-63 , -57 , -64 , -61
-67 , -61 , -66 , -84
-72 , -54 , -66 , -59
-68 , -53 , -70 , -63
-64 , -62 , -59 , -63
-65 , -53 , -64 , -76
-64 , -63 , -58 , -59
-61 , -57 , -61 , -61
-66 , -54 , -60 , -65
-73 , -56 , -66 , -71
-76 , -55 , -57 , -64
-71 , -55 , -58 , -65
-77 , -54 , -62 , -68
-81 , -54 , -57 , -63
-72 , -53 , -65 , -59
-71 , -53 , -66 , -60
-61 , -54 , -64 , -78
-59 , -53 , -64 , -69
-69 , -57 , -72 , -65
-62 , -56 , -60 , -61
-74 , -54 , -62 , -67
-75 , -61 , -67 , -83
-63 , -53 , -58 , -62
-66 , -55 , -61 , -83
-63 , -62 , -61 , -58
-64 , -53 , -62 , -57
-68 , -55 , -61 , -62
-73 , -54 , -59 , -63
-63 , -54 , -62 , -65
-64 , -53 , -57 , -61
-61 , -55 , -63 , -63
-67 , -61 , -63 , -65
-66 , -57 , -62 , -68
-69 , -54 , -61 , -62
-69 , -54 , -63 , -78
-74 , -53 , -65 , -62
-68 , -52 , -61 , -65
-75 , -53 , -67 , -68
-76 , -54 , -61 , -58
-74 , -55 , -68 , -67
-74 , -55 , -61 , -64
-69 , -55 , -65 , -73
-62 , -61 , -66 , -75
-67 , -54 , -67 , -78
-67 , -55 , -62 , -57
-65 , -57 , -63 , -56
-64 , -65 , -60 , -65
-77 , -55 , -59 , -69
-69 , -56 , -69 , -71
-68 , -62 , -67 , -65
-75 , -57 , -62 , -62
-72 , -61 , -73 , -64
-64 , -57 , -73 , -67
-71 , -56 , -64 , -69
-75 , -54 , -66 , -65
-69 , -54 , -64 , -62
-73 , -55 , -73 , -63
-68 , -54 , -67 , -66
-77 , -53 , -58 , -82
-68 , -53 , -64 , -63
-68 , -54 , -62 , -66
-72 , -62 , -63 , -74
-77 , -61 , -63 , -67
-70 , -55 , -65 , -71
-70 , -52 , -63 , -66
-73 , -56 , -65 , -64
-69 , -62 , -62 , -61
-66 , -53 , -63 , -66
-65 , -56 , -67 , -63
-65 , -62 , -59 , -70
-63 , -53 , -64 , -62
-73 , -59 , -56 , -67
-72 , -53 , -66 , -67
-73 , -56 , -64 , -62
-76 , -56 , -66 , -68
-68 , -52 , -62 , -62
-66 , -55 , -57 , -67
-70 , -53 , -62 , -61
-66 , -60 , -64 , -77
-65 , -53 , -62 , -79
-68 , -53 , -61 , -75
-65 , -55 , -66 , -63
-72 , -58 , -64 , -61
-67 , -53 , -66 , -71
-80 , -54 , -67 , -70
-62 , -54 , -59 , -71
-81 , -55 , -66 , -76
-74 , -60 , -63 , -61
-65 , -61 , -62 , -60
-67 , -55 , -58 , -77
-64 , -59 , -61 , -63
-64 , -63 , -66 , -71
-60 , -57 , -66 , -62
-66 , -58 , -60 , -71
-73 , -61 , -63 , -67
-66 , -53 , -60 , -69
-61 , -60 , -64 , -60
-68 , -65 , -63 , -71
-69 , -59 , -59 , -74
-61 , -65 , -62 , -62
-72 , -57 , -65 , -62
-60 , -79 , -63 , -73
-65 , -81 , -63 , -66
-62 , -76 , -64 , -60
-60 , -59 , -67 , -71
-63 , -67 , -67 , -61
-73 , -65 , -58 , -62
-78 , -59 , -62 , -61
-66 , -64 , -65 , -61
-64 , -60 , -61 , -75
-63 , -69 , -61 , -64
-68 , -74 , -61 , -78
-66 , -62 , -73 , -62
-65 , -65 , -62 , -69
-65 , -62 , -60 , -60
-65 , -61 , -66 , -70
-70 , -59 , -61 , -61
-68 , -69 , -59 , -65
-68 , -59 , -64 , -62
-61 , -68 , -68 , -76
-72 , -55 , -64 , -58
-67 , -57 , -69 , -63
-64 , -58 , -70 , -63
-64 , -53 , -71 , -66
-60 , -56 , -67 , -80
-58 , -53 , -67 , -60
-63 , -59 , -71 , -63
-60 , -59 , -62 , -70
-63 , -62 , -68 , -72
-55 , -56 , -68 , -65
-65 , -54 , -66 , -75
-67 , -54 , -63 , -71
-61 , -64 , -67 , -70
-67 , -59 , -69 , -60
-66 , -55 , -69 , -65
-78 , -62 , -62 , -71
-67 , -54 , -69 , -73
-70 , -53 , -61 , -77
-67 , -59 , -66 , -77
-63 , -62 , -62 , -61
-65 , -64 , -59 , -75
-66 , -53 , -63 , -76
-66 , -55 , -62 , -63
-62 , -61 , -58 , -68
-74 , -56 , -60 , -70
-65 , -60 , -60 , -76
-70 , -61 , -62 , -61
-65 , -58 , -61 , -65
-67 , -59 , -63 , -65
-70 , -55 , -63 , -61
-69 , -58 , -60 , -75
-67 , -55 , -69 , -58
-73 , -59 , -60 , -62
-62 , -60 , -63 , -68
-80 , -56 , -62 , -74
-70 , -53 , -66 , -62
-63 , -55 , -63 , -73
-67 , -56 , -62 , -68
-63 , -54 , -64 , -64
-74 , -56 , -64 , -60
-65 , -55 , -61 , -62
-68 , -58 , -67 , -64
-69 , -61 , -65 , -67
-69 , -56 , -75 , -63
-66 , -59 , -68 , -60
-69 , -62 , -67 , -64
-68 , -61 , -59 , -67
-71 , -57 , -63 , -61
-64 , -52 , -61 , -58
-66 , -54 , -69 , -64
-79 , -56 , -65 , -63
-63 , -53 , -62 , -66
-70 , -54 , -64 , -70
-68 , -56 , -61 , -70
-74 , -61 , -57 , -64
-67 , -54 , -64 , -61
-63 , -55 , -62 , -70
-72 , -55 , -66 , -65
-63 , -54 , -66 , -69
-75 , -55 , -63 , -62
-67 , -54 , -63 , -59
-69 , -56 , -65 , -59
-64 , -53 , -63 , -62
-68 , -59 , -59 , -66
-66 , -53 , -56 , -60
-67 , -57 , -62 , -66
-67 , -55 , -58 , -72
-75 , -54 , -64 , -59
-63 , -51 , -64 , -63
-73 , -53 , -58 , -60
-69 , -54 , -65 , -71
-66 , -55 , -65 , -68
-68 , -54 , -60 , -59
-63 , -53 , -65 , -59
-65 , -54 , -67 , -73
-67 , -62 , -61 , -66
-73 , -56 , -64 , -61
-67 , -54 , -62 , -61
-74 , -54 , -66 , -64
-67 , -56 , -66 , -65
-68 , -63 , -67 , -68
-67 , -66 , -61 , -66
-67 , -55 , -64 , -70
-71 , -57 , -66 , -64
-70 , -54 , -63 , -65
-63 , -56 , -60 , -78
-64 , -61 , -70 , -70
-70 , -55 , -58 , -61
-77 , -54 , -64 , -62
-64 , -54 , -65 , -61
-62 , -54 , -63 , -61
-61 , -63 , -66 , -67
-66 , -54 , -59 , -65
-74 , -54 , -59 , -61
-69 , -54 , -64 , -69
-75 , -55 , -66 , -82
-70 , -57 , -57 , -60
-61 , -64 , -67 , -59
-70 , -65 , -67 , -67
-67 , -55 , -59 , -68
-65 , -55 , -64 , -66
-72 , -55 , -58 , -59
-62 , -57 , -74 , -58
-71 , -67 , -59 , -62
-86 , -58 , -61 , -67
-59 , -71 , -62 , -66
-66 , -54 , -66 , -65
-66 , -55 , -67 , -62
-63 , -61 , -60 , -60
-60 , -59 , -65 , -63
-64 , -61 , -60 , -69
-67 , -53 , -67 , -68
-72 , -56 , -62 , -75
-68 , -52 , -63 , -68
-69 , -58 , -61 , -61
-66 , -64 , -63 , -68
-75 , -61 , -65 , -67
-69 , -55 , -60 , -79
-67 , -56 , -60 , -61
-68 , -57 , -65 , -63
-68 , -53 , -62 , -67
-62 , -60 , -69 , -60
-65 , -57 , -63 , -55
-60 , -52 , -64 , -70
-63 , -61 , -61 , -68
-70 , -52 , -59 , -69
-75 , -52 , -64 , -64
-69 , -55 , -62 , -68
-71 , -53 , -64 , -60
-80 , -53 , -61 , -59
-69 , -60 , -58 , -68
-67 , -56 , -62 , -61
-75 , -53 , -62 , -60
-64 , -54 , -61 , -63
-67 , -60 , -61 , -61
-68 , -62 , -59 , -64
-71 , -53 , -62 , -63
-66 , -60 , -70 , -63
-63 , -54 , -72 , -63
-63 , -60 , -70 , -58
-68 , -60 , -63 , -66
-72 , -57 , -62 , -60
-65 , -56 , -71 , -66
-63 , -55 , -65 , -74
-66 , -59 , -59 , -59
-68 , -54 , -64 , -73
-68 , -54 , -66 , -73
-68 , -53 , -67 , -66
-71 , -54 , -59 , -64
-66 , -56 , -65 , -77
-69 , -55 , -61 , -62
-73 , -53 , -67 , -62
-75 , -53 , -61 , -74
-70 , -54 , -64 , -66
-64 , -55 , -62 , -61
-66 , -60 , -67 , -82
-66 , -62 , -70 , -67
-80 , -54 , -65 , -62
-78 , -55 , -68 , -62
-67 , -64 , -67 , -70
-70 , -53 , -67 , -69
-69 , -61 , -63 , -74
-69 , -54 , -57 , -61
-68 , -54 , -65 , -67
-65 , -55 , -56 , -58
-61 , -54 , -66 , -61
-75 , -64 , -64 , -63
-67 , -56 , -64 , -80
-67 , -55 , -65 , -72
-74 , -64 , -65 , -65
-76 , -53 , -67 , -65
-71 , -61 , -63 , -67
-63 , -56 , -64 , -62
-69 , -62 , -59 , -63
-60 , -55 , -56 , -60
-65 , -53 , -63 , -62
-69 , -55 , -66 , -65
-66 , -54 , -64 , -68
-69 , -59 , -58 , -57
-67 , -53 , -65 , -71
-69 , -53 , -62 , -73
-76 , -53 , -60 , -58
-65 , -57 , -64 , -65
-78 , -59 , -59 , -62
-71 , -56 , -66 , -60
-77 , -58 , -58 , -65
-67 , -55 , -58 , -68
-76 , -57 , -63 , -76
-67 , -58 , -62 , -82
-65 , -66 , -66 , -67
-69 , -66 , -62 , -61
-70 , -57 , -59 , -67
-70 , -58 , -62 , -66
-65 , -62 , -62 , -65
-61 , -60 , -63 , -74
-70 , -72 , -65 , -72
-68 , -62 , -64 , -73
-62 , -60 , -62 , -66
-68 , -56 , -67 , -61
-68 , -56 , -59 , -58
-67 , -67 , -67 , -61
-66 , -62 , -59 , -59
-71 , -56 , -58 , -71
-65 , -55 , -58 , -69
-70 , -54 , -63 , -66
-64 , -54 , -63 , -81
-60 , -60 , -63 , -61
-84 , -54 , -63 , -80
-70 , -58 , -62 , -68
-68 , -55 , -64 , -67
-64 , -56 , -68 , -65
-65 , -56 , -62 , -59
-65 , -60 , -59 , -61
-67 , -53 , -60 , -67
-71 , -52 , -65 , -67
-70 , -59 , -62 , -71
-66 , -53 , -63 , -69
-69 , -61 , -64 , -63
-72 , -53 , -64 , -70
-70 , -57 , -65 , -67
-78 , -54 , -66 , -64
-66 , -57 , -67 , -70
-70 , -54 , -61 , -68
-73 , -54 , -61 , -60
-62 , -57 , -64 , -69
-65 , -57 , -63 , -68
-60 , -55 , -65 , -62
-61 , -55 , -66 , -70
-61 , -66 , -65 , -68
-59 , -54 , -70 , -63
-60 , -57 , -69 , -70
-71 , -63 , -68 , -67
-66 , -53 , -69 , -68
-64 , -64 , -66 , -60
-63 , -53 , -59 , -66
-74 , -61 , -67 , -66
-71 , -54 , -62 , -80
-79 , -62 , -69 , -67
-66 , -54 , -66 , -66
-68 , -56 , -62 , -69
-67 , -54 , -64 , -71
-68 , -54 , -67 , -60
-65 , -53 , -58 , -62
-63 , -54 , -61 , -60
-62 , -57 , -65 , -74
-62 , -55 , -65 , -75
-64 , -65 , -60 , -58
-61 , -64 , -59 , -59
-71 , -54 , -66 , -64
-65 , -66 , -62 , -58
-81 , -67 , -60 , -64
-61 , -62 , -61 , -59
-71 , -54 , -66 , -62
-74 , -53 , -63 , -60
-70 , -67 , -72 , -62
-66 , -56 , -63 , -63
-64 , -58 , -62 , -68
-63 , -56 , -65 , -66
-69 , -57 , -63 , -61
-65 , -60 , -61 , -62
-65 , -59 , -64 , -60
-75 , -56 , -62 , -69
-79 , -54 , -67 , -61
-73 , -55 , -63 , -69
-68 , -58 , -61 , -64
-66 , -59 , -61 , -70
-71 , -58 , -62 , -60
-66 , -53 , -61 , -62
-74 , -60 , -66 , -59
-72 , -56 , -63 , -60
-63 , -53 , -62 , -59
-65 , -62 , -63 , -75
-67 , -54 , -69 , -71
-66 , -62 , -73 , -74
-72 , -53 , -64 , -64
-71 , -59 , -62 , -63
-68 , -56 , -66 , -81
-74 , -58 , -61 , -63
-62 , -55 , -63 , -62
-67 , -55 , -62 , -76
-63 , -59 , -63 , -67
-69 , -54 , -61 , -72
-64 , -55 , -60 , -58
-70 , -54 , -62 , -69
-70 , -62 , -59 , -66
-70 , -54 , -65 , -64
-71 , -62 , -68 , -71
-76 , -53 , -61 , -61
-67 , -60 , -68 , -67
-71 , -56 , -63 , -81
-64 , -62 , -62 , -68
-72 , -57 , -69 , -68
-75 , -55 , -67 , -62
-65 , -65 , -74 , -74
-72 , -55 , -73 , -65
-73 , -64 , -63 , -68
-66 , -54 , -68 , -78
-68 , -53 , -72 , -60
-73 , -61 , -67 , -59
-73 , -55 , -61 , -77
-77 , -54 , -67 , -62
-67 , -62 , -61 , -60
-73 , -52 , -64 , -61
-65 , -55 , -70 , -63
-76 , -53 , -56 , -69
-70 , -54 , -60 , -69
-71 , -63 , -64 , -63
-71 , -59 , -70 , -76
-73 , -62 , -68 , -64
-74 , -57 , -60 , -63
-66 , -62 , -65 , -62
-67 , -58 , -63 , -67
-67 , -54 , -60 , -59
-66 , -55 , -57 , -71
-63 , -58 , -65 , -68
-65 , -55 , -66 , -70
-73 , -53 , -64 , -66
-63 , -61 , -68 , -63
-63 , -54 , -67 , -62
-65 , -54 , -67 , -66
-68 , -62 , -64 , -60
-68 , -54 , -64 , -63
-61 , -55 , -64 , -60
-70 , -64 , -58 , -59
-66 , -58 , -63 , -67
-75 , -60 , -59 , -65
-65 , -56 , -58 , -68
-73 , -59 , -64 , -66
-66 , -55 , -59 , -73
-66 , -56 , -64 , -67
-66 , -61 , -62 , -61
-67 , -56 , -66 , -71
-75 , -56 , -59 , -72
-69 , -66 , -67 , -61
-66 , -60 , -66 , -74
-72 , -76 , -58 , -70
-71 , -60 , -63 , -61
-72 , -58 , -66 , -75
-75 , -69 , -64 , -84
-70 , -56 , -59 , -65
-67 , -58 , -62 , -61
-67 , -54 , -66 , -76
-70 , -58 , -66 , -59
-68 , -63 , -60 , -60
-67 , -62 , -64 , -70
-64 , -57 , -59 , -81
-67 , -59 , -64 , -68
-66 , -53 , -65 , -62
-67 , -58 , -64 , -62
-72 , -63 , -72 , -60
-76 , -60 , -61 , -70
-75 , -61 , -60 , -69
-82 , -55 , -65 , -69
-71 , -54 , -62 , -66
-74 , -55 , -62 , -62
-66 , -53 , -70 , -63
-69 , -53 , -62 , -68
-74 , -56 , -58 , -68
-71 , -56 , -61 , -59
-66 , -52 , -64 , -59
-74 , -54 , -64 , -64
-64 , -58 , -61 , -60
-62 , -61 , -59 , -62
-60 , -61 , -60 , -62
-64 , -54 , -64 , -59
-56 , -59 , -59 , -62
-67 , -54 , -62 , -67
-68 , -65 , -62 , -66
-65 , -64 , -69 , -63
-67 , -60 , -68 , -84
-63 , -60 , -62 , -65
-64 , -61 , -64 , -65
-60 , -60 , -62 , -62
-66 , -56 , -65 , -70
-62 , -54 , -62 , -65
-67 , -55 , -64 , -61
-65 , -55 , -62 , -61
-80 , -54 , -61 , -63
-70 , -51 , -63 , -71
-72 , -53 , -66 , -73
-70 , -55 , -64 , -74
-65 , -68 , -63 , -69
-73 , -55 , -64 , -61
-70 , -50 , -63 , -74
-79 , -63 , -60 , -58
-67 , -55 , -59 , -60
-76 , -56 , -67 , -63
-65 , -55 , -61 , -59
-79 , -55 , -65 , -59
-73 , -61 , -74 , -62
-65 , -64 , -69 , -58
-72 , -55 , -65 , -64
-64 , -65 , -70 , -67
-66 , -64 , -66 , -71
-70 , -64 , -68 , -66
-72 , -56 , -65 , -61
-71 , -55 , -63 , -68
-69 , -55 , -64 , -63
-70 , -55 , -66 , -67
-69 , -53 , -62 , -72
-67 , -54 , -63 , -68
-71 , -56 , -63 , -72
-72 , -62 , -62 , -69
-66 , -60 , -64 , -70
-71 , -60 , -64 , -76
-64 , -53 , -63 , -62
-69 , -60 , -67 , -81
-68 , -56 , -66 , -67
-67 , -59 , -61 , -64
-79 , -54 , -60 , -61
-66 , -62 , -65 , -65
-67 , -54 , -69 , -73
-70 , -56 , -63 , -76
-73 , -61 , -60 , -58
-72 , -57 , -63 , -61
-67 , -59 , -61 , -65
-70 , -54 , -61 , -62
-73 , -56 , -61 , -65
-67 , -57 , -60 , -65
-72 , -54 , -66 , -62
-64 , -54 , -59 , -73
-70 , -59 , -63 , -59
-71 , -63 , -66 , -66
-70 , -53 , -62 , -76
-67 , -57 , -64 , -68
-69 , -58 , -64 , -68
-66 , -56 , -65 , -75
-69 , -53 , -64 , -65
-73 , -54 , -62 , -65
-66 , -62 , -62 , -72
