-66 , -70 , -59 , -80
-68 , -63 , -55 , -61
-74 , -61 , -56 , -83
-65 , -62 , -53 , -61
-66 , -69 , -57 , -81
-82 , -62 , -53 , -76
-59 , -58 , -47 , -73
-67 , -63 , -54 , -62
-68 , -63 , -54 , -62
-66 , -63 , -52 , -61
-69 , -64 , -59 , -75
-72 , -61 , -55 , -73
-59 , -59 , -47 , -72
-67 , -68 , -59 , -76
-80 , -64 , -59 , -75
-61 , -68 , -52 , -62
-59 , -61 , -48 , -66
-58 , -60 , -48 , -69
-59 , -62 , -50 , -65
-59 , -61 , -49 , -67
-71 , -65 , -53 , -62
-73 , -63 , -55 , -66
-68 , -66 , -57 , -65
-64 , -66 , -54 , -76
-85 , -62 , -54 , -76
-74 , -63 , -55 , -76
-68 , -61 , -54 , -71
-65 , -65 , -57 , -75
-67 , -77 , -61 , -76
-66 , -67 , -59 , -66
-60 , -66 , -58 , -66
-70 , -62 , -50 , -69
-58 , -63 , -54 , -64
-80 , -61 , -48 , -65
-75 , -63 , -56 , -62
-69 , -63 , -55 , -61
-58 , -63 , -56 , -70
-86 , -63 , -53 , -75
-62 , -58 , -46 , -65
-71 , -62 , -54 , -74
-80 , -63 , -55 , -76
-69 , -61 , -55 , -62
-66 , -61 , -48 , -64
-69 , -63 , -55 , -62
-79 , -62 , -54 , -62
-59 , -63 , -55 , -69
-78 , -62 , -56 , -74
-74 , -61 , -48 , -71
-59 , -62 , -56 , -70
-59 , -61 , -54 , -70
-59 , -58 , -44 , -70
-70 , -58 , -46 , -62
-78 , -59 , -47 , -62
-59 , -62 , -55 , -69
-77 , -61 , -56 , -78
-59 , -62 , -53 , -61
-73 , -61 , -53 , -65
-61 , -61 , -51 , -68
-59 , -62 , -54 , -74
-58 , -62 , -55 , -70
-66 , -62 , -53 , -70
-59 , -59 , -58 , -74
-66 , -59 , -48 , -75
-71 , -64 , -47 , -71
-73 , -63 , -54 , -64
-59 , -58 , -59 , -74
-74 , -62 , -56 , -74
-79 , -64 , -47 , -69
-62 , -61 , -59 , -66
-62 , -58 , -57 , -70
-61 , -61 , -54 , -75
-79 , -60 , -55 , -64
-79 , -61 , -55 , -64
-59 , -61 , -54 , -64
-59 , -62 , -54 , -67
-69 , -61 , -56 , -67
-73 , -62 , -54 , -75
-65 , -61 , -50 , -71
-62 , -60 , -56 , -67
-61 , -59 , -50 , -66
-65 , -61 , -55 , -62
-68 , -61 , -47 , -62
-64 , -61 , -51 , -64
-78 , -61 , -54 , -64
-73 , -70 , -56 , -61
-71 , -62 , -60 , -63
-68 , -70 , -54 , -73
-61 , -62 , -53 , -66
-81 , -61 , -53 , -73
-67 , -62 , -54 , -62
-59 , -62 , -56 , -64
-59 , -62 , -55 , -75
-59 , -62 , -53 , -60
-68 , -62 , -57 , -67
-74 , -62 , -53 , -74
-77 , -60 , -54 , -67
-66 , -62 , -56 , -69
-67 , -61 , -55 , -60
-59 , -64 , -53 , -76
-64 , -58 , -59 , -62
-68 , -62 , -51 , -67
-68 , -61 , -53 , -77
-59 , -62 , -54 , -61
-58 , -61 , -55 , -72
-80 , -62 , -54 , -61
-73 , -67 , -51 , -75
-72 , -62 , -58 , -70
-67 , -60 , -53 , -75
-61 , -59 , -54 , -68
-65 , -61 , -53 , -62
-59 , -59 , -48 , -62
-65 , -61 , -56 , -62
-64 , -61 , -47 , -65
-75 , -62 , -55 , -70
-80 , -62 , -55 , -82
-59 , -61 , -55 , -75
-80 , -70 , -52 , -69
-59 , -57 , -54 , -75
-68 , -69 , -60 , -76
-61 , -70 , -46 , -75
-67 , -60 , -60 , -70
-65 , -61 , -60 , -61
-65 , -57 , -55 , -62
-65 , -64 , -46 , -62
-64 , -60 , -56 , -75
-62 , -59 , -55 , -68
-81 , -62 , -55 , -64
-59 , -63 , -47 , -65
-77 , -61 , -53 , -67
-58 , -70 , -53 , -76
-59 , -61 , -53 , -69
-59 , -60 , -60 , -71
-67 , -60 , -60 , -68
-58 , -60 , -54 , -61
-58 , -62 , -49 , -69
-80 , -61 , -54 , -69
-58 , -61 , -56 , -75
-65 , -57 , -50 , -68
-63 , -59 , -55 , -63
-67 , -60 , -47 , -61
-65 , -60 , -54 , -69
-73 , -62 , -49 , -70
-61 , -58 , -53 , -65
-61 , -61 , -46 , -63
-63 , -60 , -46 , -60
-67 , -70 , -55 , -64
-61 , -62 , -49 , -65
-70 , -70 , -54 , -63
-67 , -61 , -53 , -64
-66 , -60 , -60 , -62
-68 , -62 , -54 , -65
-61 , -62 , -54 , -74
-65 , -62 , -53 , -62
-78 , -62 , -54 , -66
-69 , -62 , -54 , -64
-75 , -62 , -53 , -66
-59 , -63 , -55 , -68
-59 , -63 , -55 , -65
-59 , -62 , -58 , -70
-59 , -63 , -57 , -68
-66 , -70 , -54 , -62
-59 , -61 , -53 , -76
-67 , -62 , -57 , -62
-77 , -62 , -54 , -62
-69 , -67 , -55 , -71
-70 , -60 , -56 , -76
-66 , -60 , -59 , -66
-76 , -60 , -50 , -65
-77 , -62 , -48 , -74
-61 , -60 , -48 , -68
-65 , -61 , -54 , -62
-62 , -65 , -48 , -65
-66 , -60 , -55 , -67
-75 , -62 , -49 , -67
-59 , -62 , -55 , -74
-73 , -61 , -54 , -64
-59 , -60 , -55 , -76
-68 , -62 , -54 , -70
-65 , -70 , -55 , -66
-61 , -61 , -53 , -64
-77 , -64 , -60 , -68
-71 , -61 , -54 , -70
-59 , -61 , -59 , -61
-74 , -62 , -54 , -75
-62 , -60 , -56 , -70
-59 , -61 , -54 , -64
-59 , -61 , -50 , -62
-80 , -58 , -54 , -66
-63 , -63 , -58 , -69
-70 , -66 , -60 , -62
-70 , -60 , -53 , -75
-59 , -62 , -55 , -66
-80 , -62 , -50 , -61
-74 , -61 , -55 , -63
-76 , -60 , -54 , -77
-67 , -59 , -49 , -68
-68 , -62 , -47 , -63
-66 , -61 , -53 , -62
-65 , -60 , -55 , -82
-73 , -61 , -48 , -71
-76 , -63 , -54 , -70
-66 , -62 , -55 , -61
-65 , -63 , -55 , -64
-75 , -60 , -55 , -74
-59 , -63 , -49 , -74
-62 , -61 , -55 , -71
-78 , -61 , -53 , -70
-65 , -60 , -53 , -63
-75 , -62 , -55 , -61
-62 , -63 , -57 , -63
-75 , -62 , -54 , -67
-65 , -67 , -53 , -64
-67 , -62 , -58 , -63
-66 , -61 , -54 , -67
-64 , -61 , -59 , -82
-59 , -69 , -55 , -62
-61 , -59 , -52 , -68
-72 , -60 , -60 , -63
-59 , -62 , -54 , -63
-65 , -62 , -48 , -75
-77 , -62 , -53 , -62
-73 , -60 , -57 , -70
-66 , -70 , -57 , -75
-66 , -61 , -54 , -62
-69 , -61 , -60 , -61
-77 , -69 , -54 , -62
-75 , -62 , -54 , -74
-66 , -62 , -55 , -65
-70 , -67 , -60 , -61
-68 , -61 , -54 , -75
-70 , -69 , -53 , -64
-78 , -62 , -59 , -61
-61 , -59 , -60 , -68
-66 , -62 , -60 , -71
-62 , -61 , -54 , -62
-67 , -69 , -51 , -75
-73 , -61 , -57 , -70
-59 , -62 , -50 , -65
-69 , -62 , -60 , -64
-77 , -62 , -56 , -64
-58 , -61 , -55 , -82
-79 , -61 , -57 , -74
-63 , -61 , -59 , -62
-63 , -66 , -55 , -82
-64 , -63 , -55 , -63
-59 , -61 , -56 , -76
-78 , -62 , -55 , -74
-69 , -63 , -59 , -66
-65 , -62 , -55 , -62
-78 , -62 , -53 , -70
-71 , -66 , -55 , -64
-74 , -61 , -56 , -68
-67 , -62 , -54 , -62
-65 , -61 , -53 , -69
-62 , -58 , -54 , -63
-62 , -62 , -53 , -68
-73 , -60 , -54 , -66
-77 , -59 , -48 , -67
-67 , -61 , -54 , -74
-68 , -60 , -55 , -61
-66 , -61 , -48 , -65
-73 , -69 , -55 , -70
-74 , -57 , -56 , -67
-60 , -62 , -54 , -75
-71 , -63 , -54 , -74
-68 , -69 , -60 , -70
-80 , -61 , -57 , -75
-59 , -62 , -54 , -69
-59 , -62 , -60 , -65
-80 , -61 , -53 , -65
-67 , -70 , -54 , -66
-80 , -62 , -55 , -69
-75 , -61 , -53 , -75
-81 , -61 , -60 , -74
-80 , -60 , -47 , -69
-66 , -63 , -54 , -75
-70 , -62 , -54 , -71
-58 , -61 , -56 , -68
-80 , -62 , -48 , -71
-68 , -61 , -59 , -64
-75 , -62 , -58 , -70
-76 , -63 , -54 , -74
-76 , -60 , -55 , -68
-73 , -59 , -51 , -66
-59 , -61 , -58 , -70
-75 , -61 , -58 , -71
-66 , -64 , -54 , -65
-73 , -61 , -51 , -62
-59 , -61 , -55 , -71
-65 , -61 , -59 , -75
-59 , -62 , -48 , -67
-76 , -61 , -55 , -68
-72 , -63 , -54 , -62
-62 , -57 , -56 , -66
-77 , -61 , -56 , -66
-59 , -63 , -55 , -61
-72 , -61 , -57 , -68
-64 , -62 , -55 , -63
-61 , -61 , -55 , -69
-68 , -60 , -58 , -61
-59 , -62 , -54 , -65
-66 , -59 , -55 , -64
-71 , -61 , -55 , -75
-67 , -64 , -54 , -68
-62 , -61 , -48 , -78
-70 , -61 , -58 , -66
-78 , -61 , -54 , -64
-71 , -70 , -59 , -69
-59 , -59 , -54 , -61
-61 , -62 , -55 , -69
-61 , -61 , -49 , -69
-58 , -62 , -60 , -69
-68 , -62 , -47 , -69
-71 , -61 , -55 , -66
-71 , -62 , -56 , -64
-59 , -62 , -55 , -66
-71 , -61 , -47 , -64
-61 , -65 , -55 , -74
-60 , -62 , -54 , -68
-62 , -61 , -54 , -66
-81 , -62 , -55 , -61
-71 , -61 , -53 , -65
-61 , -62 , -53 , -62
-67 , -62 , -49 , -71
-75 , -63 , -57 , -59
-82 , -63 , -54 , -63
-67 , -62 , -53 , -75
-73 , -60 , -55 , -63
-67 , -68 , -54 , -68
-64 , -65 , -55 , -71
-71 , -64 , -55 , -69
-73 , -58 , -55 , -71
-73 , -62 , -59 , -69
-59 , -61 , -54 , -68
-68 , -59 , -46 , -66
-71 , -59 , -53 , -66
-72 , -61 , -56 , -64
-61 , -63 , -54 , -64
-61 , -63 , -47 , -65
-59 , -63 , -46 , -65
-65 , -62 , -54 , -75
-78 , -63 , -54 , -67
-77 , -62 , -54 , -62
-59 , -62 , -54 , -71
-67 , -61 , -56 , -61
-74 , -62 , -58 , -71
-65 , -60 , -53 , -68
-75 , -62 , -53 , -66
-72 , -60 , -55 , -69
-60 , -65 , -55 , -74
-66 , -62 , -54 , -75
-72 , -62 , -53 , -66
-79 , -60 , -59 , -66
-77 , -61 , -54 , -64
-59 , -60 , -59 , -64
-61 , -58 , -55 , -68
-59 , -62 , -54 , -76
-65 , -62 , -54 , -65
-72 , -61 , -54 , -69
-76 , -64 , -46 , -77
-61 , -62 , -53 , -65
-69 , -71 , -54 , -67
-82 , -61 , -53 , -67
-61 , -61 , -54 , -70
-71 , -60 , -47 , -69
-59 , -62 , -60 , -69
-59 , -60 , -55 , -77
-66 , -60 , -55 , -64
-70 , -70 , -58 , -62
-59 , -60 , -49 , -70
-63 , -60 , -54 , -62
-59 , -61 , -54 , -67
-68 , -62 , -60 , -79
-67 , -66 , -53 , -71
-60 , -61 , -54 , -64
-73 , -62 , -54 , -62
-59 , -64 , -59 , -66
-65 , -63 , -54 , -63
-76 , -61 , -55 , -76
-77 , -72 , -50 , -75
-64 , -61 , -54 , -62
-65 , -61 , -56 , -63
-65 , -72 , -54 , -76
-81 , -65 , -48 , -78
-67 , -61 , -61 , -61
-72 , -64 , -55 , -63
-63 , -62 , -55 , -62
-79 , -65 , -60 , -69
-63 , -62 , -48 , -79
-65 , -63 , -58 , -64
-59 , -66 , -54 , -63
-62 , -61 , -55 , -61
-62 , -63 , -50 , -67
-65 , -64 , -48 , -65
-65 , -60 , -54 , -77
-66 , -63 , -48 , -63
-67 , -66 , -56 , -68
-75 , -65 , -53 , -62
-58 , -63 , -52 , -72
-76 , -61 , -48 , -75
-68 , -66 , -54 , -66
-78 , -64 , -59 , -78
-64 , -60 , -51 , -75
-73 , -70 , -57 , -75
-78 , -62 , -54 , -69
-65 , -61 , -53 , -74
-65 , -65 , -62 , -64
-76 , -68 , -54 , -74
-74 , -60 , -54 , -69
-60 , -60 , -61 , -64
-80 , -62 , -62 , -69
-63 , -60 , -54 , -68
-73 , -61 , -58 , -74
-59 , -60 , -55 , -66
-59 , -69 , -54 , -75
-77 , -61 , -56 , -64
-75 , -60 , -54 , -69
-58 , -61 , -53 , -62
-70 , -68 , -54 , -75
-74 , -61 , -61 , -70
-70 , -70 , -55 , -62
-75 , -71 , -54 , -64
-76 , -61 , -54 , -75
-72 , -59 , -60 , -77
-71 , -60 , -59 , -65
-79 , -61 , -54 , -66
-61 , -61 , -54 , -65
-68 , -60 , -49 , -64
-66 , -61 , -55 , -65
-61 , -59 , -55 , -76
-60 , -65 , -55 , -76
-76 , -63 , -54 , -76
-59 , -67 , -54 , -76
-61 , -62 , -55 , -76
-62 , -63 , -54 , -62
-66 , -60 , -59 , -65
-62 , -59 , -54 , -67
-66 , -60 , -59 , -67
-79 , -63 , -57 , -78
-71 , -63 , -55 , -62
-66 , -63 , -48 , -69
-74 , -61 , -48 , -67
-72 , -60 , -57 , -80
-60 , -62 , -53 , -75
-65 , -61 , -49 , -62
-66 , -61 , -51 , -69
-74 , -63 , -55 , -75
-72 , -63 , -55 , -67
-59 , -62 , -49 , -62
-65 , -60 , -54 , -64
-79 , -63 , -55 , -67
-59 , -64 , -55 , -62
-59 , -61 , -57 , -70
-83 , -62 , -56 , -64
-59 , -64 , -58 , -70
-68 , -65 , -54 , -77
-66 , -68 , -54 , -61
-59 , -64 , -48 , -70
-67 , -63 , -52 , -65
-72 , -62 , -58 , -72
-63 , -63 , -60 , -67
-70 , -63 , -53 , -76
-71 , -63 , -51 , -70
-69 , -66 , -56 , -77
-69 , -62 , -50 , -70
-60 , -62 , -53 , -64
-72 , -64 , -53 , -70
-65 , -66 , -53 , -70
-59 , -64 , -53 , -79
-66 , -62 , -59 , -76
-59 , -62 , -56 , -71
-59 , -76 , -60 , -67
-81 , -68 , -54 , -75
-71 , -64 , -55 , -64
-62 , -62 , -51 , -62
-59 , -61 , -50 , -70
-71 , -72 , -61 , -70
-66 , -62 , -60 , -64
-73 , -62 , -55 , -71
-71 , -63 , -54 , -76
-66 , -61 , -49 , -76
-65 , -62 , -60 , -62
-59 , -61 , -56 , -64
-82 , -63 , -50 , -65
-62 , -63 , -50 , -64
-72 , -63 , -54 , -63
-59 , -61 , -56 , -69
-66 , -62 , -51 , -76
-72 , -61 , -53 , -70
-74 , -62 , -49 , -70
-74 , -65 , -52 , -80
-77 , -63 , -52 , -68
-62 , -61 , -54 , -77
-77 , -62 , -52 , -64
-72 , -63 , -55 , -65
-75 , -76 , -58 , -77
-60 , -64 , -51 , -64
-60 , -63 , -48 , -63
-67 , -61 , -56 , -63
-65 , -62 , -61 , -76
-70 , -64 , -53 , -70
-77 , -59 , -61 , -62
-77 , -61 , -50 , -77
-59 , -69 , -57 , -77
-70 , -64 , -56 , -67
-64 , -61 , -54 , -76
-73 , -63 , -51 , -62
-60 , -75 , -47 , -86
-68 , -63 , -60 , -76
-82 , -63 , -58 , -67
-80 , -63 , -54 , -81
-59 , -59 , -58 , -67
-75 , -62 , -62 , -77
-65 , -70 , -50 , -67
-70 , -61 , -57 , -61
-73 , -65 , -53 , -86
-65 , -64 , -54 , -69
-80 , -63 , -48 , -78
-58 , -65 , -52 , -65
-73 , -63 , -60 , -62
-71 , -62 , -58 , -77
-65 , -62 , -58 , -68
-59 , -65 , -52 , -63
-66 , -60 , -53 , -71
-64 , -60 , -56 , -76
-73 , -70 , -53 , -66
-80 , -77 , -56 , -66
-67 , -66 , -49 , -76
-59 , -63 , -54 , -62
-79 , -63 , -58 , -69
-65 , -63 , -48 , -67
-61 , -65 , -60 , -62
-61 , -63 , -61 , -83
-74 , -62 , -53 , -63
-65 , -64 , -58 , -76
-60 , -64 , -56 , -62
-75 , -63 , -48 , -65
-65 , -63 , -56 , -70
-66 , -63 , -58 , -71
-77 , -64 , -51 , -75
-81 , -62 , -55 , -64
-72 , -62 , -53 , -68
-81 , -64 , -57 , -69
-75 , -74 , -48 , -68
-58 , -64 , -50 , -62
-72 , -62 , -56 , -66
-81 , -72 , -57 , -70
-62 , -63 , -49 , -71
-72 , -64 , -56 , -76
-59 , -62 , -54 , -66
-82 , -63 , -60 , -73
-60 , -74 , -54 , -64
-59 , -61 , -49 , -69
-78 , -63 , -57 , -62
-59 , -64 , -50 , -62
-59 , -64 , -58 , -61
-78 , -64 , -49 , -74
-73 , -66 , -52 , -66
-58 , -63 , -60 , -74
-65 , -64 , -52 , -75
-70 , -61 , -49 , -67
-67 , -63 , -59 , -66
-61 , -67 , -53 , -64
-72 , -66 , -53 , -75
-74 , -62 , -57 , -62
-58 , -77 , -51 , -67
-65 , -64 , -56 , -64
-69 , -61 , -51 , -61
-62 , -64 , -57 , -66
-67 , -78 , -62 , -65
-71 , -63 , -52 , -71
-59 , -62 , -52 , -62
-61 , -63 , -56 , -63
-66 , -62 , -61 , -62
-67 , -62 , -54 , -61
-59 , -62 , -51 , -63
-65 , -61 , -51 , -75
-77 , -63 , -53 , -70
-69 , -61 , -53 , -65
-65 , -60 , -57 , -74
-75 , -62 , -54 , -65
-65 , -58 , -54 , -75
-80 , -62 , -53 , -62
-61 , -62 , -55 , -64
-58 , -59 , -54 , -67
-72 , -62 , -56 , -62
-60 , -61 , -53 , -76
-67 , -58 , -49 , -75
-70 , -62 , -54 , -70
-62 , -61 , -48 , -62
-73 , -60 , -54 , -75
-73 , -68 , -51 , -75
-75 , -64 , -48 , -67
-72 , -64 , -48 , -76
-72 , -61 , -56 , -80
-76 , -62 , -48 , -65
-67 , -60 , -55 , -75
-80 , -60 , -54 , -67
-59 , -71 , -48 , -64
-76 , -62 , -61 , -74
-60 , -61 , -53 , -70
-85 , -63 , -55 , -64
-73 , -62 , -51 , -70
-79 , -59 , -58 , -75
-59 , -61 , -55 , -75
-60 , -61 , -49 , -73
-66 , -60 , -62 , -75
-62 , -58 , -53 , -81
-73 , -70 , -54 , -81
-83 , -62 , -53 , -66
-74 , -63 , -54 , -67
-72 , -62 , -49 , -62
-65 , -61 , -52 , -61
-59 , -62 , -62 , -62
-59 , -61 , -61 , -65
-73 , -63 , -50 , -68
-63 , -62 , -53 , -74
-82 , -62 , -51 , -73
-61 , -64 , -53 , -84
-59 , -63 , -54 , -63
-72 , -62 , -52 , -66
-74 , -61 , -48 , -64
-60 , -60 , -58 , -69
-67 , -60 , -54 , -64
-65 , -61 , -60 , -64
-65 , -62 , -58 , -63
-63 , -59 , -63 , -62
-59 , -62 , -63 , -71
-62 , -64 , -53 , -69
-59 , -62 , -49 , -73
-61 , -60 , -53 , -64
-65 , -60 , -48 , -63
-65 , -67 , -62 , -63
-71 , -61 , -55 , -63
-61 , -61 , -53 , -64
-63 , -62 , -53 , -86
-64 , -61 , -54 , -65
-65 , -58 , -53 , -79
-58 , -61 , -59 , -65
-79 , -65 , -52 , -70
-65 , -62 , -53 , -63
-65 , -63 , -53 , -62
-59 , -61 , -47 , -65
-64 , -70 , -54 , -67
-78 , -61 , -53 , -86
-59 , -59 , -53 , -70
-62 , -61 , -63 , -62
-68 , -67 , -51 , -70
-61 , -60 , -54 , -72
-65 , -59 , -48 , -74
-58 , -61 , -53 , -74
-59 , -61 , -53 , -70
-75 , -61 , -53 , -75
-72 , -61 , -54 , -64
-59 , -62 , -63 , -61
-81 , -62 , -53 , -75
-75 , -61 , -47 , -71
-81 , -61 , -49 , -63
-85 , -63 , -53 , -63
-67 , -61 , -58 , -65
-75 , -71 , -48 , -62
-65 , -61 , -58 , -62
-65 , -59 , -53 , -71
-61 , -61 , -56 , -66
-78 , -59 , -55 , -65
-73 , -61 , -52 , -76
-76 , -61 , -63 , -65
-58 , -61 , -54 , -63
-59 , -62 , -53 , -70
-75 , -60 , -52 , -75
-60 , -59 , -54 , -61
-59 , -61 , -59 , -69
-65 , -61 , -53 , -68
-59 , -67 , -54 , -63
-66 , -65 , -49 , -63
-67 , -56 , -49 , -65
-75 , -61 , -55 , -61
-59 , -61 , -60 , -63
-65 , -70 , -49 , -65
-65 , -61 , -53 , -65
-60 , -67 , -48 , -70
-75 , -61 , -60 , -65
-63 , -58 , -51 , -70
-58 , -62 , -48 , -74
-58 , -63 , -53 , -79
-58 , -61 , -53 , -65
-77 , -70 , -51 , -63
-77 , -62 , -54 , -65
-65 , -56 , -52 , -78
-78 , -60 , -50 , -76
-65 , -59 , -49 , -74
-60 , -61 , -47 , -84
-64 , -59 , -47 , -60
-65 , -60 , -52 , -68
-71 , -59 , -57 , -67
-64 , -61 , -60 , -66
-65 , -61 , -57 , -74
-65 , -61 , -62 , -75
-58 , -59 , -53 , -71
-89 , -59 , -51 , -61
-69 , -62 , -62 , -70
-64 , -61 , -61 , -66
-74 , -62 , -63 , -63
-68 , -62 , -61 , -74
-58 , -59 , -52 , -75
-59 , -59 , -54 , -74
-72 , -59 , -49 , -69
-80 , -61 , -58 , -65
-68 , -63 , -58 , -69
-59 , -59 , -54 , -63
-59 , -66 , -62 , -74
-60 , -58 , -47 , -62
-59 , -63 , -54 , -62
-64 , -61 , -54 , -71
-66 , -60 , -50 , -66
-70 , -61 , -54 , -70
-76 , -64 , -58 , -77
-68 , -61 , -55 , -62
-76 , -61 , -48 , -69
-58 , -61 , -49 , -64
-64 , -60 , -52 , -62
-72 , -59 , -48 , -74
-58 , -56 , -62 , -74
-61 , -59 , -54 , -63
-68 , -61 , -54 , -61
-68 , -63 , -54 , -76
-68 , -61 , -54 , -63
-65 , -67 , -53 , -72
-64 , -61 , -50 , -67
-77 , -61 , -54 , -63
-76 , -61 , -61 , -63
-65 , -67 , -54 , -62
-73 , -62 , -48 , -74
-65 , -65 , -54 , -75
-65 , -61 , -53 , -75
-62 , -61 , -59 , -65
-74 , -59 , -59 , -78
-66 , -62 , -51 , -65
-66 , -61 , -61 , -66
-77 , -62 , -55 , -75
-64 , -56 , -55 , -64
-77 , -59 , -53 , -66
-59 , -62 , -53 , -69
-66 , -58 , -54 , -65
-74 , -60 , -53 , -65
-59 , -60 , -56 , -75
-76 , -62 , -53 , -69
-65 , -59 , -53 , -64
-68 , -62 , -58 , -78
-65 , -59 , -59 , -63
-65 , -59 , -54 , -66
-73 , -69 , -61 , -76
-65 , -61 , -54 , -63
-65 , -63 , -49 , -66
-63 , -62 , -54 , -63
-59 , -59 , -55 , -78
-83 , -61 , -50 , -69
-62 , -59 , -48 , -64
-65 , -59 , -54 , -65
-59 , -57 , -54 , -65
-60 , -67 , -53 , -62
-76 , -61 , -59 , -71
-62 , -59 , -55 , -64
-73 , -61 , -61 , -62
-74 , -61 , -59 , -69
-59 , -62 , -54 , -66
-75 , -71 , -62 , -75
-74 , -59 , -52 , -66
-59 , -61 , -50 , -66
-63 , -60 , -54 , -63
-59 , -62 , -54 , -69
-64 , -59 , -53 , -77
-58 , -61 , -62 , -70
-65 , -61 , -48 , -63
-71 , -62 , -55 , -61
-63 , -62 , -51 , -63
-76 , -62 , -54 , -71
-61 , -60 , -54 , -65
-74 , -62 , -48 , -62
-64 , -64 , -55 , -77
-59 , -64 , -54 , -69
-66 , -61 , -54 , -66
-77 , -64 , -48 , -73
-75 , -59 , -55 , -76
-61 , -62 , -54 , -65
-74 , -60 , -50 , -62
-74 , -59 , -52 , -69
-59 , -62 , -48 , -68
-77 , -61 , -51 , -75
-71 , -62 , -61 , -62
-58 , -63 , -48 , -67
-67 , -59 , -56 , -60
-63 , -62 , -54 , -63
-66 , -67 , -53 , -62
-77 , -63 , -54 , -65
-69 , -62 , -53 , -62
-65 , -61 , -48 , -84
-71 , -66 , -61 , -61
-78 , -60 , -61 , -64
-61 , -61 , -59 , -64
-62 , -62 , -57 , -64
-65 , -67 , -55 , -85
-61 , -59 , -51 , -64
-59 , -62 , -54 , -69
-75 , -61 , -53 , -69
-77 , -64 , -49 , -75
-77 , -62 , -54 , -70
-77 , -70 , -52 , -70
-65 , -61 , -53 , -71
-76 , -56 , -52 , -65
-79 , -59 , -57 , -62
-70 , -59 , -53 , -78
-64 , -59 , -53 , -69
-76 , -56 , -54 , -76
-73 , -71 , -53 , -62
-61 , -61 , -54 , -74
-68 , -61 , -53 , -61
-67 , -67 , -53 , -69
-59 , -59 , -63 , -74
-58 , -60 , -47 , -67
-59 , -70 , -53 , -74
-72 , -61 , -55 , -75
-77 , -61 , -54 , -61
-65 , -62 , -56 , -61
-69 , -61 , -47 , -76
-66 , -56 , -53 , -66
-73 , -59 , -53 , -62
-58 , -59 , -54 , -69
-59 , -61 , -53 , -69
-58 , -61 , -48 , -69
-73 , -65 , -54 , -62
-77 , -62 , -63 , -65
-58 , -61 , -53 , -67
-59 , -59 , -52 , -69
-65 , -59 , -59 , -61
-65 , -61 , -52 , -61
-69 , -56 , -47 , -62
-58 , -61 , -59 , -70
-59 , -59 , -49 , -69
-74 , -61 , -49 , -62
-65 , -60 , -58 , -63
-75 , -59 , -54 , -76
-67 , -57 , -52 , -61
-75 , -61 , -61 , -69
-67 , -62 , -53 , -75
-65 , -61 , -48 , -61
-75 , -64 , -48 , -75
-65 , -60 , -56 , -63
-64 , -61 , -47 , -80
-59 , -57 , -54 , -66
-65 , -60 , -57 , -79
-74 , -64 , -50 , -68
-59 , -59 , -49 , -69
-76 , -61 , -47 , -75
-76 , -60 , -51 , -71
-81 , -61 , -51 , -62
-67 , -67 , -53 , -75
-65 , -62 , -48 , -77
-63 , -61 , -48 , -62
-69 , -67 , -54 , -63
-75 , -59 , -55 , -62
-69 , -61 , -47 , -69
-65 , -64 , -55 , -62
-80 , -66 , -60 , -64
-76 , -61 , -49 , -61
-83 , -61 , -51 , -79
-66 , -62 , -53 , -70
-62 , -62 , -62 , -64
-73 , -61 , -57 , -76
-59 , -59 , -51 , -68
-59 , -61 , -62 , -77
-65 , -61 , -54 , -71
-75 , -62 , -48 , -69
-69 , -67 , -55 , -66
-72 , -61 , -54 , -71
-59 , -62 , -61 , -76
-59 , -61 , -54 , -75
-67 , -60 , -53 , -66
-59 , -58 , -53 , -75
-72 , -60 , -53 , -66
-71 , -60 , -55 , -69
-78 , -58 , -53 , -62
-66 , -72 , -54 , -62
-83 , -60 , -53 , -65
-58 , -63 , -61 , -61
-76 , -62 , -57 , -69
-66 , -71 , -54 , -75
-62 , -61 , -55 , -69
-58 , -57 , -56 , -71
-62 , -64 , -49 , -62
-59 , -61 , -61 , -65
-74 , -63 , -54 , -64
-65 , -62 , -49 , -69
-74 , -62 , -48 , -63
-66 , -61 , -62 , -69
-59 , -56 , -54 , -68
-67 , -61 , -59 , -78
-84 , -58 , -59 , -66
-75 , -58 , -62 , -68
-59 , -61 , -50 , -61
-73 , -61 , -47 , -62
-67 , -61 , -50 , -64
-67 , -56 , -48 , -68
-66 , -61 , -54 , -68
-65 , -57 , -53 , -77
-67 , -60 , -55 , -76
-62 , -72 , -54 , -61
-65 , -59 , -51 , -78
-59 , -60 , -56 , -88
-59 , -59 , -48 , -61
-59 , -62 , -53 , -64
-58 , -61 , -52 , -81
-83 , -59 , -54 , -66
-61 , -59 , -53 , -66
-68 , -61 , -47 , -68
-65 , -65 , -53 , -67
-83 , -63 , -47 , -62
-78 , -61 , -55 , -62
-59 , -65 , -63 , -64
-59 , -70 , -61 , -76
-76 , -61 , -50 , -74
-77 , -62 , -48 , -65
-65 , -67 , -52 , -67
-65 , -59 , -54 , -63
-65 , -60 , -55 , -71
-84 , -59 , -54 , -75
-65 , -61 , -61 , -60
-65 , -61 , -60 , -61
-59 , -61 , -51 , -69
-74 , -62 , -61 , -75
-65 , -61 , -62 , -63
-61 , -61 , -52 , -70
-64 , -59 , -53 , -68
