-62 , -59 , -68 , -67
-60 , -57 , -67 , -76
-60 , -57 , -67 , -68
-54 , -56 , -62 , -80
-59 , -56 , -65 , -72
-54 , -55 , -69 , -72
-59 , -56 , -66 , -68
-72 , -59 , -69 , -76
-62 , -62 , -68 , -68
-57 , -58 , -65 , -72
-58 , -55 , -85 , -66
-77 , -55 , -67 , -65
-68 , -62 , -63 , -66
-60 , -57 , -65 , -72
-54 , -55 , -68 , -65
-76 , -62 , -85 , -71
-60 , -58 , -67 , -66
-60 , -58 , -63 , -76
-73 , -62 , -66 , -76
-60 , -57 , -68 , -67
-54 , -56 , -68 , -70
-58 , -56 , -66 , -75
-59 , -57 , -65 , -74
-62 , -59 , -66 , -66
-59 , -57 , -88 , -66
-60 , -56 , -65 , -76
-60 , -58 , -61 , -71
-72 , -59 , -63 , -73
-60 , -62 , -65 , -70
-54 , -57 , -66 , -66
-54 , -54 , -67 , -72
-62 , -60 , -63 , -66
-59 , -55 , -66 , -70
-77 , -62 , -66 , -66
-54 , -56 , -66 , -72
-59 , -57 , -67 , -66
-58 , -56 , -76 , -75
-60 , -60 , -66 , -72
-59 , -57 , -61 , -67
-77 , -62 , -64 , -66
-60 , -56 , -66 , -65
-54 , -54 , -87 , -68
-60 , -55 , -65 , -66
-74 , -57 , -67 , -72
-66 , -62 , -68 , -72
-55 , -62 , -66 , -66
-60 , -56 , -62 , -77
-60 , -58 , -62 , -77
-61 , -58 , -62 , -73
-53 , -56 , -73 , -69
-54 , -55 , -63 , -70
-61 , -57 , -61 , -66
-68 , -61 , -81 , -66
-54 , -55 , -65 , -65
-54 , -52 , -63 , -74
-71 , -62 , -65 , -71
-60 , -57 , -61 , -67
-72 , -62 , -74 , -66
-59 , -56 , -81 , -65
-71 , -54 , -60 , -65
-61 , -62 , -74 , -70
-54 , -61 , -66 , -73
-71 , -57 , -66 , -77
-54 , -62 , -70 , -70
-72 , -54 , -66 , -75
-59 , -57 , -66 , -74
-61 , -57 , -66 , -77
-61 , -59 , -87 , -66
-65 , -57 , -68 , -68
-60 , -59 , -87 , -66
-61 , -57 , -68 , -83
-61 , -56 , -64 , -73
-61 , -62 , -66 , -71
-71 , -63 , -68 , -81
-61 , -57 , -69 , -67
-54 , -56 , -67 , -67
-60 , -56 , -74 , -73
-74 , -61 , -69 , -69
-57 , -56 , -71 , -65
-61 , -57 , -64 , -80
-63 , -59 , -70 , -66
-63 , -62 , -72 , -71
-60 , -62 , -65 , -71
-75 , -56 , -67 , -67
-54 , -61 , -66 , -68
-79 , -57 , -67 , -72
-60 , -57 , -69 , -68
-60 , -54 , -70 , -66
-54 , -57 , -63 , -71
-60 , -56 , -69 , -73
-74 , -61 , -67 , -68
-75 , -62 , -68 , -77
-54 , -55 , -68 , -70
-60 , -56 , -70 , -70
-75 , -61 , -67 , -75
-61 , -56 , -65 , -69
-65 , -59 , -72 , -66
-65 , -59 , -66 , -67
-78 , -57 , -68 , -74
-61 , -55 , -67 , -71
-56 , -63 , -68 , -80
-73 , -58 , -69 , -84
-60 , -62 , -70 , -71
-80 , -57 , -69 , -70
-60 , -57 , -74 , -70
-54 , -57 , -70 , -73
-61 , -58 , -67 , -71
-60 , -56 , -75 , -69
-54 , -56 , -66 , -67
-60 , -57 , -69 , -79
-54 , -55 , -66 , -72
-61 , -58 , -62 , -66
-63 , -63 , -72 , -65
-61 , -60 , -64 , -75
-79 , -61 , -63 , -68
-60 , -56 , -61 , -67
-53 , -54 , -69 , -72
-73 , -62 , -67 , -78
-74 , -62 , -68 , -66
-54 , -56 , -70 , -65
-53 , -54 , -67 , -70
-75 , -61 , -67 , -74
-60 , -56 , -71 , -66
-78 , -57 , -67 , -77
-72 , -61 , -68 , -74
-61 , -63 , -65 , -79
-77 , -56 , -66 , -79
-61 , -61 , -65 , -68
-60 , -59 , -67 , -65
-62 , -56 , -74 , -77
-53 , -56 , -66 , -77
-61 , -56 , -66 , -66
-53 , -56 , -74 , -82
-61 , -60 , -65 , -68
-61 , -57 , -68 , -69
-60 , -56 , -68 , -65
-61 , -56 , -66 , -71
-60 , -62 , -67 , -69
-60 , -56 , -67 , -76
-53 , -54 , -68 , -67
-69 , -60 , -63 , -75
-59 , -63 , -65 , -69
-58 , -56 , -68 , -75
-60 , -56 , -68 , -72
-61 , -56 , -69 , -81
-75 , -61 , -68 , -72
-54 , -56 , -69 , -67
-53 , -56 , -66 , -73
-62 , -60 , -68 , -68
-64 , -58 , -67 , -66
-61 , -56 , -72 , -70
-62 , -60 , -63 , -66
-60 , -59 , -71 , -68
-59 , -58 , -61 , -66
-60 , -56 , -70 , -68
-61 , -56 , -65 , -65
-78 , -56 , -71 , -65
-76 , -56 , -72 , -79
-53 , -62 , -62 , -66
-76 , -54 , -63 , -69
-58 , -62 , -72 , -69
-59 , -56 , -64 , -66
-72 , -62 , -72 , -68
-70 , -63 , -66 , -69
-53 , -56 , -68 , -66
-54 , -56 , -67 , -77
-68 , -63 , -65 , -71
-60 , -56 , -71 , -70
-68 , -63 , -70 , -67
-59 , -57 , -67 , -73
-62 , -60 , -61 , -66
-61 , -59 , -69 , -69
-61 , -58 , -63 , -82
-60 , -56 , -68 , -70
-61 , -56 , -67 , -69
-53 , -60 , -68 , -78
-76 , -56 , -65 , -77
-61 , -61 , -72 , -66
-54 , -59 , -63 , -69
-61 , -56 , -66 , -78
-61 , -56 , -69 , -79
-65 , -59 , -70 , -69
-59 , -58 , -68 , -73
-54 , -56 , -67 , -73
-53 , -56 , -68 , -66
-61 , -59 , -62 , -69
-60 , -56 , -65 , -77
-61 , -57 , -67 , -71
-62 , -57 , -62 , -69
-61 , -56 , -67 , -72
-53 , -58 , -68 , -70
-60 , -56 , -66 , -68
-61 , -58 , -71 , -76
-53 , -59 , -68 , -73
-53 , -57 , -69 , -78
-61 , -60 , -68 , -65
-61 , -56 , -68 , -87
-60 , -56 , -68 , -70
-72 , -63 , -71 , -71
-69 , -60 , -67 , -69
-61 , -56 , -61 , -79
-63 , -58 , -73 , -69
-60 , -57 , -68 , -73
-63 , -58 , -65 , -79
-72 , -62 , -68 , -68
-53 , -59 , -74 , -67
-63 , -58 , -68 , -77
-61 , -64 , -65 , -72
-57 , -57 , -65 , -71
-63 , -56 , -69 , -69
-53 , -56 , -61 , -65
-63 , -63 , -73 , -66
-63 , -58 , -67 , -71
-60 , -56 , -71 , -70
-61 , -56 , -62 , -69
-61 , -56 , -70 , -83
-53 , -56 , -68 , -69
-63 , -64 , -67 , -70
-60 , -56 , -68 , -65
-74 , -59 , -68 , -65
-53 , -61 , -72 , -73
-65 , -56 , -73 , -66
-61 , -56 , -70 , -72
-62 , -59 , -69 , -81
-62 , -56 , -61 , -67
-53 , -57 , -73 , -74
-72 , -56 , -67 , -77
-70 , -62 , -69 , -74
-60 , -63 , -67 , -79
-60 , -56 , -73 , -70
-67 , -54 , -67 , -70
-53 , -63 , -68 , -65
-61 , -56 , -62 , -83
-74 , -56 , -67 , -73
-61 , -60 , -71 , -70
-65 , -58 , -67 , -73
-62 , -56 , -67 , -66
-53 , -56 , -62 , -65
-61 , -57 , -72 , -69
-72 , -56 , -60 , -67
-61 , -59 , -70 , -68
-63 , -62 , -68 , -68
-60 , -56 , -65 , -70
-53 , -58 , -67 , -70
-67 , -59 , -69 , -67
-70 , -63 , -67 , -79
-74 , -54 , -70 , -65
-61 , -63 , -74 , -78
-60 , -61 , -63 , -67
-61 , -61 , -70 , -65
-69 , -58 , -68 , -68
-55 , -56 , -69 , -67
-65 , -56 , -69 , -79
-53 , -59 , -67 , -73
-74 , -56 , -64 , -65
-62 , -64 , -68 , -73
-73 , -56 , -68 , -74
-73 , -57 , -70 , -71
-69 , -60 , -67 , -70
-62 , -62 , -70 , -71
-55 , -60 , -63 , -69
-61 , -55 , -62 , -72
-53 , -59 , -64 , -71
-74 , -57 , -68 , -72
-61 , -56 , -69 , -70
-58 , -61 , -71 , -72
-54 , -58 , -70 , -67
-59 , -57 , -70 , -67
-56 , -56 , -66 , -67
-55 , -57 , -66 , -70
-61 , -56 , -73 , -67
-61 , -56 , -69 , -74
-61 , -55 , -60 , -82
-60 , -55 , -67 , -71
-61 , -57 , -68 , -67
-59 , -56 , -71 , -73
-60 , -57 , -63 , -67
-68 , -58 , -66 , -72
-53 , -63 , -66 , -73
-61 , -60 , -67 , -73
-60 , -54 , -69 , -72
-62 , -60 , -68 , -65
-60 , -57 , -68 , -70
-54 , -57 , -72 , -68
-60 , -56 , -71 , -67
-60 , -58 , -67 , -65
-60 , -56 , -69 , -78
-63 , -58 , -73 , -67
-60 , -56 , -71 , -73
-72 , -57 , -69 , -68
-60 , -56 , -69 , -70
-57 , -62 , -69 , -71
-61 , -57 , -66 , -73
-74 , -56 , -64 , -76
-70 , -59 , -62 , -68
-62 , -62 , -68 , -84
-59 , -60 , -65 , -75
-60 , -57 , -67 , -70
-69 , -58 , -69 , -73
-61 , -57 , -64 , -67
-55 , -59 , -63 , -72
-63 , -55 , -67 , -69
-57 , -56 , -67 , -69
-61 , -58 , -68 , -83
-60 , -56 , -68 , -66
-56 , -56 , -68 , -69
-61 , -57 , -68 , -76
-53 , -55 , -67 , -69
-61 , -55 , -69 , -81
-53 , -60 , -65 , -78
-60 , -56 , -68 , -77
-65 , -61 , -67 , -73
-65 , -59 , -69 , -79
-61 , -59 , -69 , -72
-55 , -57 , -63 , -73
-60 , -62 , -63 , -69
-60 , -55 , -69 , -73
-61 , -56 , -74 , -69
-60 , -56 , -66 , -65
-63 , -57 , -74 , -78
-60 , -57 , -66 , -77
-54 , -56 , -72 , -69
-54 , -59 , -67 , -69
-60 , -55 , -74 , -68
-63 , -56 , -62 , -76
-61 , -63 , -68 , -68
-63 , -55 , -67 , -70
-61 , -59 , -68 , -66
-73 , -63 , -74 , -71
-60 , -58 , -69 , -67
-60 , -62 , -73 , -65
-63 , -57 , -60 , -70
-54 , -57 , -65 , -71
-64 , -56 , -72 , -77
-60 , -56 , -70 , -74
-65 , -59 , -62 , -70
-60 , -60 , -73 , -70
-66 , -56 , -68 , -77
-54 , -63 , -73 , -74
-61 , -62 , -71 , -72
-75 , -52 , -63 , -75
-60 , -62 , -69 , -66
-54 , -57 , -71 , -76
-68 , -57 , -68 , -75
-62 , -57 , -66 , -68
-63 , -56 , -62 , -71
-59 , -62 , -68 , -69
-58 , -59 , -72 , -70
-54 , -62 , -67 , -70
-72 , -57 , -69 , -71
-60 , -56 , -71 , -69
-60 , -59 , -71 , -74
-55 , -61 , -59 , -80
-60 , -56 , -67 , -71
-66 , -56 , -63 , -70
-67 , -57 , -68 , -70
-60 , -63 , -61 , -68
-55 , -58 , -67 , -70
-60 , -60 , -69 , -71
-54 , -57 , -67 , -68
-56 , -55 , -66 , -69
-60 , -58 , -68 , -70
-60 , -54 , -69 , -69
-61 , -57 , -68 , -66
-54 , -55 , -67 , -73
-61 , -56 , -67 , -73
-60 , -57 , -67 , -77
-62 , -56 , -69 , -72
-68 , -57 , -62 , -68
-64 , -56 , -72 , -65
-61 , -57 , -61 , -72
-61 , -60 , -68 , -68
-60 , -59 , -67 , -69
-68 , -57 , -72 , -71
-54 , -59 , -71 , -72
-72 , -59 , -71 , -69
-54 , -56 , -64 , -65
-59 , -60 , -65 , -71
-57 , -56 , -64 , -70
-61 , -63 , -71 , -67
-59 , -56 , -62 , -69
-61 , -57 , -68 , -74
-75 , -57 , -64 , -77
-60 , -56 , -71 , -65
-56 , -58 , -63 , -78
-56 , -63 , -71 , -70
-60 , -62 , -65 , -73
-60 , -56 , -73 , -73
-56 , -55 , -68 , -65
-75 , -57 , -72 , -69
-54 , -56 , -68 , -66
-60 , -56 , -72 , -72
-58 , -55 , -70 , -68
-58 , -62 , -69 , -67
-63 , -55 , -65 , -67
-54 , -56 , -69 , -71
-65 , -56 , -72 , -75
-60 , -56 , -67 , -72
-74 , -63 , -66 , -74
-60 , -63 , -67 , -72
-60 , -57 , -65 , -71
-63 , -62 , -70 , -68
-63 , -57 , -70 , -71
-75 , -57 , -68 , -65
-62 , -56 , -70 , -74
-60 , -55 , -62 , -65
-61 , -59 , -69 , -69
-58 , -61 , -67 , -75
-73 , -60 , -61 , -76
-61 , -58 , -61 , -66
-60 , -58 , -60 , -72
-61 , -55 , -64 , -65
-60 , -61 , -67 , -69
-54 , -58 , -69 , -69
-54 , -57 , -67 , -72
-53 , -56 , -62 , -66
-56 , -55 , -64 , -71
-53 , -57 , -62 , -71
-57 , -57 , -70 , -70
-63 , -56 , -62 , -77
-61 , -56 , -70 , -72
-72 , -56 , -62 , -69
-54 , -58 , -67 , -75
-56 , -61 , -70 , -83
-53 , -59 , -64 , -70
-60 , -56 , -69 , -71
-53 , -62 , -63 , -70
-53 , -55 , -71 , -78
-78 , -55 , -70 , -65
-54 , -56 , -63 , -71
-74 , -56 , -70 , -71
-56 , -61 , -62 , -66
-65 , -55 , -74 , -70
-54 , -56 , -68 , -76
-60 , -58 , -68 , -70
-79 , -61 , -66 , -67
-60 , -57 , -68 , -83
-60 , -59 , -60 , -65
-53 , -54 , -69 , -66
-63 , -57 , -70 , -70
-62 , -57 , -68 , -70
-60 , -61 , -73 , -70
-61 , -55 , -69 , -69
-63 , -57 , -74 , -82
-61 , -56 , -63 , -69
-61 , -56 , -73 , -66
-60 , -56 , -67 , -73
-60 , -58 , -68 , -84
-70 , -63 , -73 , -86
-60 , -56 , -73 , -70
-65 , -57 , -65 , -73
-54 , -54 , -67 , -71
-60 , -57 , -61 , -69
-61 , -56 , -69 , -66
-65 , -63 , -68 , -65
-66 , -56 , -67 , -70
-63 , -63 , -68 , -67
-61 , -55 , -69 , -70
-61 , -63 , -65 , -65
-72 , -56 , -72 , -81
-59 , -56 , -69 , -71
-60 , -63 , -67 , -67
-61 , -60 , -70 , -67
-61 , -57 , -68 , -65
-69 , -62 , -62 , -68
-59 , -58 , -73 , -72
-67 , -54 , -67 , -69
-63 , -56 , -69 , -75
-61 , -56 , -74 , -70
-61 , -59 , -71 , -69
-60 , -57 , -61 , -73
-63 , -60 , -66 , -84
-56 , -58 , -61 , -71
-70 , -63 , -73 , -67
-60 , -58 , -67 , -69
-62 , -57 , -61 , -72
-67 , -57 , -65 , -70
-75 , -59 , -71 , -69
-53 , -56 , -72 , -65
-53 , -56 , -65 , -67
-70 , -61 , -70 , -65
-61 , -63 , -63 , -65
-56 , -56 , -68 , -67
-61 , -61 , -60 , -65
-61 , -56 , -65 , -66
-74 , -60 , -65 , -71
-74 , -56 , -70 , -66
-60 , -62 , -63 , -66
-60 , -57 , -67 , -79
-56 , -56 , -69 , -67
-60 , -60 , -70 , -67
-58 , -61 , -71 , -68
-58 , -61 , -60 , -73
-54 , -57 , -65 , -67
-61 , -57 , -63 , -68
-54 , -55 , -71 , -69
-61 , -56 , -65 , -67
-73 , -56 , -66 , -65
-65 , -56 , -70 , -66
-61 , -56 , -71 , -73
-53 , -57 , -69 , -78
-58 , -56 , -71 , -79
-54 , -56 , -65 , -72
-72 , -56 , -68 , -73
-56 , -61 , -63 , -72
-61 , -59 , -65 , -70
-73 , -57 , -68 , -73
-74 , -56 , -65 , -83
-73 , -56 , -68 , -66
-59 , -62 , -63 , -66
-60 , -55 , -67 , -73
-53 , -60 , -73 , -69
-60 , -63 , -68 , -79
-61 , -61 , -67 , -69
-61 , -63 , -63 , -74
-60 , -58 , -69 , -72
-60 , -56 , -68 , -66
-69 , -57 , -68 , -68
-54 , -62 , -63 , -79
-61 , -56 , -68 , -68
-63 , -56 , -69 , -69
-61 , -59 , -64 , -67
-53 , -56 , -67 , -69
-60 , -58 , -66 , -80
-61 , -60 , -66 , -68
-53 , -55 , -68 , -73
-60 , -64 , -68 , -70
-69 , -61 , -67 , -67
-61 , -60 , -66 , -74
-54 , -56 , -67 , -80
-61 , -62 , -66 , -68
-61 , -61 , -67 , -70
-61 , -56 , -69 , -65
-59 , -56 , -66 , -68
-62 , -56 , -67 , -65
-60 , -56 , -69 , -68
-66 , -60 , -69 , -69
-62 , -57 , -66 , -88
-62 , -56 , -67 , -72
-61 , -58 , -63 , -65
-61 , -56 , -66 , -69
-63 , -58 , -65 , -73
-62 , -63 , -66 , -68
-74 , -55 , -68 , -72
-58 , -59 , -69 , -65
-60 , -60 , -69 , -66
-61 , -57 , -67 , -67
-65 , -57 , -63 , -82
-54 , -55 , -67 , -82
-61 , -57 , -75 , -66
-58 , -60 , -66 , -69
-61 , -57 , -75 , -70
-69 , -60 , -69 , -69
-60 , -61 , -74 , -72
-62 , -56 , -67 , -83
-62 , -61 , -67 , -74
-64 , -59 , -70 , -73
-61 , -56 , -70 , -70
-73 , -56 , -60 , -67
-64 , -56 , -66 , -73
-70 , -60 , -65 , -65
-69 , -56 , -71 , -72
-65 , -60 , -67 , -70
-53 , -56 , -72 , -67
-62 , -55 , -70 , -68
-61 , -57 , -66 , -75
-76 , -63 , -67 , -71
-53 , -59 , -66 , -71
-61 , -64 , -68 , -69
-60 , -56 , -68 , -65
-73 , -62 , -69 , -68
-72 , -60 , -65 , -70
-75 , -59 , -66 , -75
-61 , -56 , -66 , -66
-61 , -57 , -67 , -74
-61 , -56 , -66 , -67
-77 , -61 , -64 , -65
-70 , -58 , -77 , -72
-60 , -56 , -68 , -74
-57 , -61 , -67 , -68
-61 , -56 , -67 , -68
-62 , -62 , -70 , -70
-62 , -61 , -65 , -69
-64 , -61 , -61 , -75
-60 , -56 , -69 , -67
-55 , -61 , -69 , -66
-65 , -61 , -68 , -75
-61 , -56 , -74 , -65
-60 , -56 , -70 , -78
-66 , -57 , -69 , -67
-60 , -56 , -68 , -73
-53 , -56 , -76 , -73
-61 , -56 , -67 , -69
-61 , -55 , -67 , -71
-61 , -64 , -75 , -67
-61 , -56 , -70 , -76
-63 , -59 , -66 , -72
-70 , -62 , -70 , -66
-69 , -56 , -74 , -70
-66 , -59 , -66 , -69
-61 , -58 , -68 , -69
-61 , -56 , -68 , -65
-61 , -56 , -72 , -70
-74 , -56 , -73 , -70
-61 , -57 , -73 , -65
-63 , -64 , -70 , -76
-64 , -62 , -70 , -72
-62 , -60 , -69 , -70
-60 , -58 , -74 , -80
-69 , -63 , -74 , -72
-61 , -56 , -69 , -70
-60 , -60 , -69 , -68
-63 , -61 , -73 , -68
-61 , -59 , -74 , -72
-60 , -58 , -70 , -70
-73 , -59 , -70 , -80
-73 , -64 , -69 , -67
-61 , -57 , -62 , -72
-60 , -60 , -67 , -67
-61 , -56 , -69 , -72
-66 , -56 , -66 , -80
-60 , -56 , -64 , -66
-60 , -64 , -65 , -71
-61 , -56 , -65 , -76
-61 , -62 , -78 , -71
-53 , -62 , -67 , -74
-61 , -56 , -69 , -67
-62 , -63 , -62 , -65
-60 , -58 , -65 , -73
-62 , -57 , -67 , -69
-67 , -59 , -67 , -75
-53 , -64 , -75 , -66
-61 , -59 , -69 , -68
-61 , -57 , -64 , -67
-60 , -56 , -65 , -79
-60 , -56 , -60 , -69
-54 , -62 , -67 , -70
-61 , -58 , -67 , -74
-61 , -58 , -67 , -72
-63 , -59 , -60 , -69
-63 , -62 , -72 , -66
-64 , -55 , -62 , -77
-53 , -59 , -73 , -72
-61 , -59 , -64 , -66
-58 , -62 , -70 , -76
-53 , -56 , -62 , -81
-61 , -56 , -67 , -79
-65 , -55 , -75 , -68
-60 , -56 , -70 , -71
-53 , -57 , -72 , -68
-77 , -63 , -60 , -77
-54 , -63 , -64 , -70
-74 , -59 , -76 , -72
-54 , -55 , -67 , -73
-53 , -55 , -67 , -67
-67 , -52 , -66 , -65
-60 , -56 , -70 , -68
-53 , -63 , -68 , -67
-53 , -56 , -68 , -66
-76 , -56 , -70 , -65
-53 , -52 , -64 , -72
-55 , -62 , -69 , -70
-65 , -56 , -76 , -80
-60 , -56 , -70 , -77
-61 , -56 , -67 , -66
-61 , -60 , -67 , -77
-60 , -63 , -70 , -75
-64 , -56 , -70 , -77
-61 , -54 , -67 , -68
-60 , -56 , -65 , -67
-54 , -62 , -69 , -75
-60 , -55 , -67 , -80
-60 , -63 , -67 , -76
-76 , -57 , -62 , -70
-61 , -56 , -70 , -66
-61 , -57 , -68 , -65
-61 , -59 , -75 , -68
-75 , -57 , -71 , -71
-60 , -59 , -67 , -75
-61 , -57 , -71 , -71
-60 , -55 , -75 , -66
-61 , -62 , -73 , -66
-61 , -57 , -69 , -72
-61 , -56 , -69 , -65
-53 , -62 , -67 , -73
-75 , -57 , -73 , -71
-74 , -57 , -71 , -85
-61 , -62 , -68 , -67
-75 , -56 , -71 , -66
-76 , -55 , -65 , -70
-67 , -55 , -68 , -70
-60 , -57 , -70 , -70
-60 , -59 , -66 , -78
-61 , -56 , -67 , -70
-61 , -57 , -63 , -71
-59 , -56 , -70 , -69
-75 , -56 , -77 , -84
-61 , -63 , -66 , -69
-59 , -62 , -69 , -66
-61 , -57 , -66 , -65
-70 , -61 , -65 , -71
-55 , -62 , -83 , -77
-60 , -63 , -65 , -70
-61 , -57 , -66 , -70
-53 , -57 , -81 , -65
-66 , -57 , -62 , -67
-60 , -59 , -67 , -74
-73 , -61 , -66 , -66
-60 , -56 , -64 , -66
-60 , -56 , -67 , -66
-60 , -56 , -66 , -67
-61 , -60 , -76 , -67
-67 , -55 , -60 , -70
-61 , -57 , -61 , -69
-75 , -58 , -66 , -69
-59 , -57 , -68 , -65
-69 , -56 , -68 , -71
-53 , -59 , -74 , -67
-60 , -57 , -66 , -69
-61 , -61 , -63 , -70
-62 , -58 , -76 , -76
-70 , -56 , -68 , -78
-53 , -59 , -67 , -67
-53 , -63 , -69 , -66
-53 , -58 , -66 , -67
-61 , -62 , -73 , -74
-61 , -56 , -68 , -69
-61 , -63 , -74 , -67
-63 , -56 , -64 , -66
-61 , -57 , -67 , -75
-54 , -56 , -73 , -69
-61 , -57 , -77 , -76
-72 , -60 , -65 , -66
-60 , -62 , -64 , -79
-60 , -54 , -69 , -77
-66 , -54 , -66 , -67
-61 , -54 , -72 , -65
-77 , -57 , -77 , -68
-74 , -57 , -68 , -69
-55 , -57 , -66 , -68
-59 , -62 , -75 , -67
-77 , -57 , -68 , -68
-78 , -55 , -67 , -66
-67 , -59 , -66 , -71
-61 , -62 , -66 , -70
-55 , -57 , -67 , -75
-66 , -56 , -65 , -65
-62 , -59 , -66 , -66
-75 , -58 , -76 , -66
-70 , -57 , -69 , -72
-60 , -62 , -76 , -72
-59 , -55 , -65 , -76
-63 , -57 , -68 , -70
-60 , -62 , -66 , -71
-61 , -61 , -67 , -71
-61 , -61 , -67 , -65
-61 , -60 , -77 , -71
-58 , -55 , -67 , -66
-61 , -60 , -68 , -67
-65 , -61 , -66 , -66
-60 , -62 , -65 , -72
-60 , -60 , -63 , -76
-65 , -62 , -66 , -65
-60 , -57 , -70 , -70
-59 , -56 , -66 , -66
-61 , -62 , -72 , -74
-61 , -56 , -71 , -70
-67 , -55 , -68 , -68
-61 , -57 , -68 , -68
-59 , -55 , -75 , -70
-60 , -59 , -66 , -70
-60 , -62 , -66 , -70
-54 , -56 , -77 , -71
-61 , -56 , -62 , -71
-69 , -62 , -70 , -66
-79 , -57 , -68 , -66
-74 , -57 , -70 , -77
-70 , -59 , -69 , -78
-54 , -58 , -69 , -70
-60 , -58 , -75 , -67
-63 , -62 , -67 , -74
-73 , -57 , -66 , -74
-61 , -56 , -66 , -69
-61 , -56 , -64 , -67
-71 , -57 , -66 , -68
-60 , -61 , -75 , -68
-60 , -59 , -74 , -66
-68 , -62 , -67 , -67
-65 , -62 , -76 , -67
-65 , -62 , -67 , -70
-74 , -54 , -66 , -73
-59 , -57 , -66 , -76
-60 , -60 , -71 , -67
-56 , -62 , -67 , -68
-61 , -58 , -66 , -65
-54 , -58 , -66 , -68
-63 , -62 , -68 , -67
-74 , -55 , -63 , -67
-63 , -58 , -63 , -74
-60 , -57 , -66 , -66
-68 , -61 , -62 , -66
-61 , -60 , -66 , -76
-61 , -62 , -67 , -77
-72 , -56 , -72 , -67
-63 , -56 , -66 , -66
-61 , -54 , -67 , -70
-60 , -59 , -69 , -68
-59 , -55 , -66 , -88
-53 , -60 , -67 , -68
-55 , -63 , -67 , -66
-62 , -62 , -65 , -66
-61 , -58 , -65 , -74
-60 , -62 , -73 , -66
-60 , -57 , -72 , -66
-60 , -58 , -68 , -70
-79 , -58 , -69 , -72
-61 , -62 , -67 , -68
-60 , -60 , -63 , -65
-59 , -57 , -67 , -70
-62 , -58 , -76 , -80
-60 , -55 , -63 , -69
-61 , -58 , -62 , -68
-58 , -55 , -67 , -68
-79 , -58 , -77 , -70
-79 , -57 , -65 , -72
-60 , -57 , -68 , -66
-59 , -57 , -67 , -76
-60 , -62 , -68 , -71
-65 , -57 , -76 , -65
-77 , -56 , -69 , -66
-54 , -59 , -76 , -67
-62 , -60 , -67 , -79
-54 , -56 , -76 , -67
-61 , -58 , -66 , -67
-70 , -55 , -64 , -67
-58 , -62 , -69 , -74
-60 , -57 , -76 , -66
-60 , -57 , -69 , -65
-60 , -54 , -63 , -74
-70 , -57 , -71 , -67
-60 , -62 , -73 , -66
-65 , -62 , -60 , -66
-61 , -54 , -67 , -74
-65 , -60 , -70 , -65
-62 , -54 , -60 , -74
-59 , -57 , -70 , -78
-63 , -62 , -68 , -65
-67 , -55 , -69 , -72
-58 , -57 , -65 , -78
-65 , -57 , -67 , -65
-54 , -57 , -63 , -75
-74 , -56 , -68 , -71
-75 , -62 , -69 , -67
-61 , -62 , -67 , -74
-69 , -58 , -74 , -65
-54 , -59 , -69 , -73
-74 , -55 , -66 , -67
-62 , -56 , -67 , -72
-65 , -60 , -67 , -70
-54 , -62 , -71 , -69
-57 , -55 , -67 , -68
-54 , -60 , -69 , -65
-74 , -61 , -68 , -65
-59 , -62 , -70 , -67
-70 , -54 , -68 , -65
-62 , -57 , -71 , -71
-61 , -61 , -66 , -79
-58 , -62 , -64 , -66
-55 , -59 , -73 , -65
-60 , -59 , -70 , -66
-56 , -56 , -64 , -65
-66 , -56 , -71 , -65
-61 , -57 , -61 , -66
-61 , -61 , -70 , -66
-55 , -61 , -67 , -69
-77 , -57 , -72 , -66
-56 , -62 , -68 , -66
-75 , -56 , -73 , -76
-60 , -56 , -69 , -78
-53 , -56 , -72 , -66
-72 , -55 , -67 , -72
-63 , -57 , -69 , -70
-53 , -59 , -63 , -69
-75 , -59 , -71 , -66
-60 , -57 , -70 , -74
-53 , -55 , -71 , -73
-74 , -62 , -71 , -72
-54 , -55 , -73 , -70
-72 , -62 , -71 , -79
-55 , -56 , -67 , -67
-60 , -57 , -69 , -69
-63 , -62 , -69 , -74
-60 , -57 , -69 , -70
-54 , -57 , -65 , -66
-69 , -56 , -69 , -77
-57 , -61 , -70 , -68
-61 , -54 , -74 , -72
-59 , -61 , -70 , -83
-74 , -56 , -68 , -74
-60 , -62 , -64 , -65
-53 , -55 , -75 , -71
-59 , -58 , -64 , -68
-61 , -59 , -72 , -67
-59 , -56 , -69 , -69
-57 , -55 , -67 , -85
-59 , -61 , -71 , -65
-53 , -62 , -68 , -75
-73 , -61 , -68 , -67
-59 , -59 , -69 , -70
-63 , -57 , -70 , -68
-76 , -61 , -70 , -75
-53 , -56 , -67 , -69
-67 , -57 , -63 , -72
-53 , -57 , -70 , -70
-61 , -57 , -69 , -68
-60 , -56 , -69 , -77
-61 , -58 , -70 , -76
-54 , -57 , -70 , -70
-77 , -61 , -69 , -66
-60 , -57 , -69 , -69
-61 , -63 , -69 , -82
-60 , -62 , -62 , -66
-57 , -58 , -68 , -70
-62 , -56 , -76 , -70
-55 , -62 , -67 , -66
-54 , -56 , -61 , -70
-60 , -59 , -67 , -71
-59 , -59 , -80 , -67
-60 , -55 , -66 , -65
-61 , -61 , -69 , -69
-70 , -56 , -68 , -74
-69 , -56 , -72 , -80
-60 , -56 , -69 , -69
-62 , -60 , -67 , -73
-53 , -61 , -65 , -76
-62 , -57 , -66 , -69
-72 , -52 , -65 , -68
-53 , -57 , -69 , -71
-68 , -57 , -62 , -80
-58 , -56 , -64 , -73
-59 , -56 , -67 , -66
-74 , -57 , -64 , -68
-61 , -59 , -82 , -68
-64 , -53 , -67 , -70
-62 , -56 , -67 , -70
-74 , -61 , -68 , -68
-61 , -59 , -69 , -70
-55 , -56 , -67 , -79
-64 , -56 , -68 , -73
-53 , -62 , -71 , -75
-54 , -55 , -67 , -66
-70 , -56 , -62 , -65
-53 , -60 , -63 , -71
-53 , -56 , -67 , -68
-61 , -60 , -67 , -71
-53 , -57 , -65 , -68
-53 , -56 , -63 , -66
-61 , -61 , -64 , -71
-61 , -61 , -66 , -70
-61 , -62 , -68 , -69
-62 , -56 , -62 , -74
-62 , -60 , -69 , -68
-67 , -58 , -68 , -68
-61 , -56 , -64 , -71
-66 , -58 , -83 , -69
-74 , -61 , -71 , -79
-62 , -60 , -66 , -66
-53 , -61 , -63 , -70
-53 , -56 , -71 , -68
-62 , -59 , -68 , -82
-59 , -57 , -70 , -70
-54 , -57 , -66 , -71
-53 , -57 , -68 , -78
-61 , -61 , -75 , -82
-64 , -62 , -78 , -73
-53 , -56 , -80 , -76
-60 , -56 , -65 , -67
-66 , -61 , -77 , -68
-53 , -58 , -69 , -67
-53 , -57 , -69 , -66
-61 , -56 , -81 , -67
-74 , -58 , -69 , -67
-55 , -56 , -70 , -65
-74 , -57 , -68 , -75
-61 , -55 , -64 , -84
-62 , -55 , -67 , -74
-61 , -63 , -68 , -70
-53 , -60 , -68 , -69
-72 , -62 , -69 , -68
-71 , -57 , -68 , -71
-69 , -59 , -80 , -70
-53 , -63 , -65 , -68
-71 , -59 , -64 , -76
-61 , -57 , -73 , -66
-60 , -61 , -70 , -72
-61 , -58 , -67 , -69
-61 , -56 , -71 , -79
-66 , -56 , -64 , -74
-70 , -60 , -67 , -71
-62 , -56 , -68 , -80
-61 , -58 , -68 , -70
-59 , -56 , -68 , -68
-61 , -57 , -67 , -83
-61 , -60 , -68 , -69
-62 , -57 , -80 , -80
-67 , -56 , -69 , -67
-54 , -56 , -69 , -70
-53 , -56 , -81 , -71
-75 , -56 , -67 , -69
-63 , -60 , -68 , -68
-62 , -56 , -77 , -67
-74 , -57 , -69 , -66
-53 , -56 , -68 , -66
-53 , -56 , -64 , -78
-62 , -56 , -69 , -81
-62 , -57 , -69 , -76
