-66 , -62 , -60 , -73
-77 , -55 , -58 , -60
-74 , -54 , -60 , -75
-69 , -54 , -61 , -65
-74 , -55 , -60 , -59
-69 , -54 , -56 , -67
-66 , -60 , -59 , -73
-69 , -55 , -58 , -60
-65 , -56 , -61 , -70
-67 , -57 , -59 , -71
-66 , -59 , -60 , -72
-70 , -62 , -61 , -72
-66 , -56 , -60 , -70
-66 , -59 , -60 , -72
-69 , -54 , -60 , -67
-72 , -54 , -60 , -72
-72 , -62 , -62 , -72
-66 , -56 , -60 , -71
-73 , -53 , -61 , -65
-66 , -57 , -60 , -71
-71 , -62 , -62 , -72
-72 , -54 , -60 , -72
-66 , -56 , -60 , -71
-66 , -53 , -60 , -73
-67 , -56 , -60 , -61
-67 , -57 , -56 , -65
-73 , -58 , -58 , -59
-70 , -56 , -57 , -59
-67 , -57 , -56 , -64
-69 , -56 , -60 , -60
-67 , -59 , -57 , -64
-69 , -55 , -61 , -69
-65 , -56 , -61 , -72
-74 , -58 , -60 , -71
-69 , -53 , -61 , -67
-71 , -55 , -59 , -67
-68 , -54 , -61 , -65
-67 , -55 , -62 , -61
-76 , -57 , -57 , -72
-69 , -58 , -61 , -68
-70 , -53 , -57 , -72
-69 , -62 , -63 , -67
-69 , -62 , -63 , -65
-71 , -53 , -61 , -62
-66 , -54 , -62 , -73
-68 , -61 , -63 , -74
-74 , -61 , -62 , -65
-68 , -54 , -59 , -60
-67 , -55 , -61 , -63
-67 , -54 , -61 , -74
-70 , -60 , -61 , -65
-70 , -55 , -61 , -69
-70 , -53 , -56 , -58
-71 , -56 , -62 , -65
-67 , -54 , -61 , -67
-68 , -58 , -58 , -75
-76 , -62 , -62 , -65
-67 , -55 , -62 , -72
-67 , -61 , -62 , -75
-67 , -58 , -61 , -64
-69 , -56 , -62 , -74
-66 , -61 , -57 , -60
-67 , -58 , -59 , -62
-67 , -56 , -61 , -65
-69 , -56 , -61 , -66
-66 , -54 , -61 , -68
-67 , -53 , -59 , -62
-66 , -56 , -63 , -74
-69 , -61 , -59 , -72
-70 , -58 , -61 , -68
-68 , -56 , -61 , -68
-69 , -53 , -61 , -64
-70 , -54 , -60 , -68
-77 , -53 , -61 , -68
-72 , -53 , -61 , -72
-69 , -53 , -61 , -68
-67 , -56 , -58 , -61
-74 , -59 , -61 , -73
-66 , -60 , -59 , -60
-66 , -55 , -59 , -62
-72 , -56 , -59 , -62
-71 , -56 , -61 , -66
-77 , -53 , -62 , -72
-70 , -61 , -61 , -73
-66 , -54 , -61 , -62
-71 , -54 , -62 , -66
-69 , -61 , -63 , -65
-67 , -55 , -61 , -65
-71 , -54 , -61 , -72
-69 , -61 , -62 , -70
-70 , -61 , -60 , -63
-67 , -54 , -61 , -62
-69 , -56 , -57 , -61
-72 , -53 , -57 , -61
-69 , -58 , -60 , -73
-73 , -59 , -63 , -72
-70 , -55 , -62 , -66
-70 , -62 , -62 , -66
-73 , -62 , -62 , -61
-68 , -54 , -60 , -63
-68 , -54 , -61 , -66
-70 , -55 , -61 , -68
-71 , -54 , -60 , -59
-72 , -54 , -56 , -61
-69 , -55 , -61 , -66
-66 , -54 , -57 , -73
-71 , -62 , -60 , -66
-66 , -59 , -60 , -72
-67 , -61 , -62 , -74
-68 , -53 , -61 , -75
-70 , -61 , -61 , -62
-67 , -61 , -57 , -72
-70 , -61 , -62 , -73
-67 , -58 , -63 , -72
-68 , -60 , -62 , -63
-67 , -61 , -58 , -65
-70 , -61 , -61 , -64
-70 , -56 , -61 , -66
-75 , -55 , -62 , -67
-68 , -54 , -60 , -72
-71 , -55 , -61 , -65
-69 , -61 , -61 , -66
-66 , -54 , -60 , -73
-71 , -54 , -63 , -75
-67 , -55 , -60 , -66
-68 , -62 , -61 , -66
-65 , -60 , -60 , -66
-68 , -53 , -61 , -64
-67 , -54 , -60 , -75
-66 , -56 , -61 , -65
-68 , -56 , -61 , -75
-66 , -62 , -57 , -74
-67 , -56 , -60 , -65
-71 , -61 , -60 , -74
-67 , -58 , -62 , -74
-68 , -58 , -61 , -66
-73 , -62 , -61 , -65
-68 , -54 , -56 , -65
-70 , -56 , -56 , -63
-66 , -54 , -58 , -70
-70 , -55 , -61 , -68
-67 , -56 , -61 , -73
-75 , -56 , -60 , -72
-66 , -54 , -61 , -76
-70 , -53 , -60 , -71
-77 , -57 , -61 , -74
-70 , -61 , -59 , -66
-73 , -60 , -62 , -71
-72 , -54 , -61 , -61
-67 , -58 , -57 , -59
-69 , -54 , -56 , -68
-68 , -56 , -61 , -65
-71 , -56 , -61 , -65
-72 , -54 , -60 , -59
-66 , -54 , -56 , -67
-71 , -56 , -61 , -75
-71 , -54 , -60 , -68
-72 , -56 , -60 , -72
-68 , -57 , -61 , -68
-67 , -60 , -60 , -68
-66 , -55 , -60 , -65
-68 , -61 , -61 , -62
-69 , -55 , -58 , -74
-71 , -55 , -61 , -64
-75 , -54 , -61 , -62
-69 , -58 , -60 , -59
-76 , -61 , -56 , -71
-66 , -54 , -61 , -73
-71 , -54 , -63 , -71
-75 , -54 , -60 , -67
-66 , -62 , -60 , -73
-75 , -53 , -60 , -74
-68 , -58 , -57 , -71
-72 , -54 , -63 , -67
-74 , -59 , -61 , -65
-70 , -62 , -61 , -69
-67 , -54 , -61 , -71
-72 , -56 , -60 , -72
-71 , -56 , -61 , -65
-72 , -55 , -61 , -69
-71 , -54 , -62 , -59
-66 , -61 , -60 , -69
-68 , -54 , -56 , -69
-70 , -55 , -60 , -74
-68 , -56 , -60 , -63
-73 , -55 , -61 , -68
-72 , -60 , -61 , -72
-67 , -53 , -62 , -61
-71 , -62 , -60 , -74
-68 , -55 , -62 , -74
-67 , -55 , -61 , -62
-69 , -54 , -60 , -61
-65 , -61 , -60 , -66
-70 , -60 , -62 , -67
-68 , -54 , -61 , -73
-68 , -55 , -63 , -73
-75 , -54 , -59 , -72
-67 , -56 , -62 , -68
-74 , -62 , -61 , -61
-70 , -58 , -56 , -72
-68 , -61 , -61 , -74
-68 , -58 , -61 , -61
-67 , -54 , -57 , -64
-71 , -59 , -61 , -68
-66 , -54 , -58 , -69
-66 , -61 , -60 , -69
-68 , -55 , -60 , -59
-67 , -56 , -57 , -72
-68 , -55 , -61 , -72
-71 , -55 , -60 , -66
-67 , -55 , -61 , -63
-70 , -54 , -61 , -61
-66 , -57 , -58 , -68
-67 , -53 , -61 , -67
-69 , -54 , -61 , -74
-70 , -58 , -61 , -72
-67 , -56 , -62 , -73
-66 , -54 , -60 , -74
-73 , -61 , -61 , -72
-69 , -59 , -62 , -61
-67 , -59 , -56 , -62
-73 , -61 , -58 , -71
-67 , -58 , -60 , -60
-67 , -56 , -57 , -65
-66 , -62 , -61 , -73
-71 , -54 , -60 , -67
-67 , -61 , -61 , -74
-68 , -52 , -61 , -66
-67 , -54 , -61 , -73
-72 , -54 , -60 , -69
-74 , -60 , -60 , -74
-69 , -54 , -61 , -74
-72 , -60 , -60 , -67
-68 , -55 , -61 , -66
-71 , -62 , -62 , -72
-67 , -55 , -61 , -60
-69 , -53 , -57 , -65
-75 , -59 , -60 , -69
-70 , -54 , -61 , -71
-67 , -54 , -57 , -60
-70 , -55 , -60 , -66
-66 , -62 , -60 , -73
-72 , -57 , -56 , -59
-69 , -58 , -60 , -67
-69 , -54 , -61 , -73
-71 , -54 , -60 , -62
-71 , -56 , -61 , -65
-70 , -56 , -60 , -70
-66 , -60 , -57 , -60
-70 , -54 , -63 , -73
-65 , -54 , -62 , -72
-71 , -54 , -61 , -66
-72 , -62 , -56 , -62
-66 , -61 , -58 , -71
-73 , -56 , -60 , -70
-65 , -62 , -61 , -64
-68 , -55 , -60 , -71
-70 , -55 , -60 , -72
-71 , -55 , -60 , -73
-73 , -53 , -60 , -72
-67 , -57 , -62 , -65
-70 , -53 , -62 , -65
-75 , -54 , -61 , -71
-66 , -58 , -61 , -65
-68 , -54 , -57 , -59
-69 , -54 , -63 , -73
-70 , -60 , -61 , -71
-67 , -54 , -59 , -60
-64 , -61 , -62 , -67
-67 , -62 , -60 , -67
-64 , -55 , -63 , -73
-69 , -53 , -60 , -66
-69 , -62 , -56 , -65
-66 , -62 , -62 , -66
-71 , -55 , -60 , -66
-66 , -55 , -60 , -67
-69 , -54 , -60 , -65
-72 , -55 , -61 , -63
-73 , -55 , -60 , -62
-67 , -55 , -57 , -65
-70 , -54 , -62 , -62
-67 , -54 , -58 , -63
-69 , -58 , -60 , -61
-68 , -54 , -60 , -59
-66 , -58 , -57 , -60
-65 , -53 , -57 , -75
-73 , -55 , -61 , -59
-66 , -60 , -57 , -68
-74 , -61 , -60 , -74
-66 , -59 , -60 , -65
-70 , -54 , -60 , -61
-67 , -59 , -60 , -66
-65 , -53 , -61 , -61
-69 , -54 , -60 , -73
-66 , -55 , -64 , -70
-67 , -53 , -60 , -71
-69 , -55 , -62 , -74
-69 , -62 , -62 , -66
-70 , -57 , -62 , -73
-75 , -54 , -60 , -71
-66 , -62 , -63 , -60
-65 , -56 , -60 , -65
-72 , -57 , -59 , -61
-66 , -58 , -61 , -59
-66 , -55 , -59 , -61
-71 , -55 , -58 , -70
-66 , -54 , -59 , -72
-69 , -54 , -60 , -72
-71 , -58 , -62 , -72
-71 , -54 , -61 , -66
-71 , -58 , -61 , -61
-69 , -61 , -60 , -71
-67 , -60 , -60 , -60
-71 , -61 , -60 , -60
-67 , -54 , -57 , -75
-69 , -54 , -60 , -60
-69 , -57 , -60 , -74
-71 , -58 , -59 , -75
-65 , -55 , -63 , -73
-67 , -55 , -62 , -67
-69 , -60 , -62 , -60
-66 , -54 , -60 , -59
-69 , -54 , -57 , -72
-71 , -54 , -60 , -74
-71 , -59 , -60 , -65
-69 , -56 , -63 , -67
-73 , -58 , -61 , -68
-67 , -55 , -60 , -70
-65 , -61 , -60 , -61
-66 , -53 , -61 , -61
-70 , -54 , -57 , -59
-66 , -56 , -60 , -70
-72 , -56 , -56 , -73
-70 , -56 , -60 , -60
-71 , -55 , -61 , -73
-72 , -56 , -56 , -74
-66 , -59 , -59 , -72
-66 , -59 , -60 , -73
-69 , -62 , -62 , -72
-71 , -53 , -60 , -72
-67 , -61 , -62 , -65
-66 , -55 , -60 , -64
-66 , -61 , -60 , -72
-70 , -62 , -61 , -73
-66 , -54 , -61 , -67
-71 , -53 , -61 , -72
-67 , -54 , -60 , -60
-65 , -61 , -62 , -73
-72 , -60 , -60 , -61
-69 , -55 , -61 , -61
-72 , -61 , -57 , -61
-70 , -55 , -56 , -72
-71 , -61 , -60 , -59
-70 , -58 , -60 , -65
-72 , -54 , -56 , -66
-70 , -56 , -60 , -60
-65 , -53 , -60 , -67
-68 , -58 , -60 , -73
-68 , -53 , -61 , -72
-75 , -55 , -60 , -73
-69 , -55 , -61 , -66
-66 , -55 , -61 , -65
-65 , -61 , -64 , -61
-69 , -57 , -60 , -62
-73 , -61 , -58 , -63
-70 , -53 , -61 , -65
-69 , -54 , -62 , -67
-67 , -54 , -60 , -78
-72 , -56 , -60 , -60
-68 , -54 , -57 , -70
-73 , -54 , -60 , -67
-66 , -54 , -60 , -75
-66 , -59 , -61 , -73
-69 , -55 , -61 , -71
-65 , -54 , -61 , -74
-65 , -55 , -62 , -61
-67 , -61 , -60 , -60
-68 , -56 , -62 , -73
-70 , -55 , -59 , -71
-72 , -61 , -60 , -70
-70 , -55 , -60 , -60
-70 , -54 , -60 , -67
-73 , -55 , -57 , -62
-72 , -60 , -59 , -61
-66 , -57 , -58 , -60
-66 , -58 , -59 , -68
-72 , -59 , -56 , -61
-68 , -56 , -59 , -61
-73 , -53 , -59 , -72
-70 , -54 , -59 , -65
-69 , -53 , -59 , -74
-68 , -54 , -62 , -61
-67 , -54 , -62 , -64
-67 , -62 , -58 , -60
-72 , -54 , -60 , -64
-69 , -61 , -61 , -60
-66 , -56 , -59 , -65
-69 , -54 , -60 , -70
-65 , -54 , -59 , -70
-71 , -55 , -61 , -67
-65 , -55 , -60 , -60
-65 , -54 , -60 , -60
-72 , -54 , -59 , -65
-66 , -56 , -56 , -60
-73 , -58 , -61 , -72
-70 , -54 , -60 , -66
-66 , -59 , -60 , -71
-69 , -57 , -59 , -73
-69 , -56 , -59 , -62
-71 , -58 , -63 , -62
-67 , -54 , -61 , -73
-66 , -58 , -57 , -73
-67 , -61 , -58 , -72
-70 , -54 , -60 , -74
-65 , -56 , -60 , -72
-66 , -56 , -61 , -64
-66 , -55 , -62 , -62
-72 , -55 , -62 , -73
-69 , -61 , -58 , -59
-71 , -59 , -56 , -64
-65 , -56 , -56 , -72
-68 , -56 , -62 , -72
-71 , -57 , -61 , -61
-65 , -60 , -60 , -71
-69 , -54 , -60 , -70
-72 , -61 , -60 , -60
-66 , -58 , -60 , -65
-67 , -57 , -59 , -67
-69 , -57 , -62 , -73
-67 , -54 , -60 , -62
-71 , -56 , -62 , -59
-66 , -55 , -61 , -72
-70 , -54 , -56 , -67
-72 , -56 , -59 , -61
-69 , -61 , -60 , -66
-66 , -54 , -60 , -64
-66 , -55 , -60 , -66
-68 , -54 , -63 , -59
-72 , -54 , -60 , -64
-67 , -62 , -56 , -59
-70 , -55 , -60 , -72
-66 , -53 , -61 , -71
-66 , -56 , -57 , -73
-66 , -55 , -60 , -71
-67 , -56 , -60 , -65
-66 , -61 , -60 , -61
-67 , -59 , -61 , -72
-71 , -57 , -60 , -74
-74 , -59 , -60 , -72
-72 , -57 , -62 , -74
-72 , -54 , -62 , -62
-72 , -54 , -61 , -73
-66 , -54 , -58 , -73
-72 , -61 , -60 , -66
-66 , -56 , -63 , -61
-67 , -60 , -60 , -59
-72 , -61 , -60 , -72
-67 , -57 , -56 , -65
-66 , -53 , -61 , -73
-68 , -53 , -60 , -68
-67 , -55 , -60 , -62
-66 , -61 , -59 , -72
-69 , -54 , -60 , -74
-67 , -54 , -62 , -72
-67 , -60 , -61 , -64
-72 , -53 , -62 , -72
-67 , -54 , -60 , -60
-66 , -61 , -60 , -72
-66 , -60 , -56 , -74
-68 , -55 , -62 , -62
-67 , -58 , -61 , -68
-67 , -61 , -57 , -73
-66 , -54 , -63 , -65
-67 , -57 , -62 , -65
-65 , -56 , -61 , -74
-70 , -53 , -60 , -62
-69 , -61 , -58 , -69
-66 , -54 , -60 , -62
-67 , -53 , -56 , -62
-66 , -60 , -60 , -66
-72 , -59 , -60 , -59
-68 , -56 , -57 , -74
-66 , -56 , -61 , -62
-69 , -58 , -61 , -72
-66 , -54 , -59 , -66
-66 , -61 , -61 , -74
-66 , -54 , -63 , -65
-67 , -58 , -61 , -74
-72 , -61 , -61 , -66
-68 , -59 , -60 , -60
-67 , -62 , -56 , -74
-69 , -54 , -59 , -74
-70 , -61 , -61 , -61
-67 , -54 , -60 , -74
-69 , -58 , -62 , -62
-72 , -61 , -60 , -62
-66 , -55 , -57 , -59
-69 , -61 , -56 , -72
-66 , -55 , -60 , -69
-69 , -61 , -60 , -66
-72 , -54 , -60 , -61
-73 , -58 , -60 , -61
-74 , -56 , -62 , -68
-71 , -54 , -60 , -72
-73 , -54 , -59 , -73
-74 , -60 , -60 , -68
-69 , -53 , -60 , -74
-76 , -55 , -60 , -73
-70 , -54 , -62 , -67
-66 , -59 , -61 , -60
-73 , -55 , -59 , -60
-70 , -61 , -58 , -60
-67 , -60 , -57 , -73
-66 , -61 , -62 , -73
-72 , -54 , -62 , -71
-71 , -59 , -61 , -66
-69 , -55 , -60 , -73
-66 , -59 , -61 , -72
-76 , -62 , -60 , -75
-67 , -54 , -61 , -60
-66 , -54 , -62 , -62
-73 , -57 , -57 , -62
-68 , -61 , -58 , -72
-67 , -61 , -58 , -61
-72 , -55 , -62 , -73
-72 , -59 , -63 , -73
-71 , -55 , -62 , -59
-68 , -56 , -60 , -65
-66 , -61 , -56 , -62
-72 , -54 , -61 , -74
-65 , -61 , -57 , -67
-66 , -54 , -60 , -68
-74 , -53 , -61 , -61
-74 , -56 , -60 , -67
-68 , -54 , -56 , -60
-69 , -61 , -58 , -72
-67 , -56 , -60 , -73
-66 , -58 , -61 , -70
-67 , -55 , -59 , -64
-77 , -55 , -60 , -74
-66 , -61 , -59 , -73
-71 , -54 , -61 , -59
-67 , -57 , -56 , -66
-66 , -55 , -60 , -61
-68 , -56 , -60 , -73
-72 , -61 , -60 , -74
-67 , -54 , -62 , -73
-69 , -56 , -59 , -74
-68 , -54 , -63 , -59
-77 , -54 , -62 , -75
-67 , -54 , -56 , -66
-74 , -58 , -61 , -63
-66 , -62 , -59 , -75
-70 , -55 , -58 , -64
-69 , -60 , -60 , -67
-67 , -59 , -61 , -63
-71 , -57 , -58 , -66
-65 , -59 , -60 , -61
-71 , -58 , -60 , -59
-66 , -55 , -60 , -69
-72 , -54 , -60 , -75
-76 , -56 , -61 , -75
-67 , -54 , -60 , -72
-69 , -54 , -61 , -67
-66 , -55 , -60 , -65
-70 , -54 , -59 , -65
-67 , -55 , -61 , -61
-70 , -61 , -60 , -65
-68 , -61 , -61 , -73
-67 , -56 , -59 , -70
-75 , -54 , -60 , -59
-66 , -55 , -60 , -65
-68 , -54 , -60 , -66
-65 , -58 , -62 , -74
-67 , -61 , -61 , -72
-66 , -55 , -61 , -65
-70 , -55 , -61 , -67
-73 , -54 , -60 , -66
-64 , -54 , -62 , -65
-66 , -61 , -61 , -71
-69 , -61 , -60 , -75
-66 , -54 , -61 , -65
-74 , -61 , -60 , -60
-73 , -56 , -56 , -65
-70 , -54 , -60 , -62
-73 , -54 , -60 , -60
-68 , -56 , -57 , -72
-75 , -59 , -62 , -66
-76 , -56 , -62 , -74
-66 , -60 , -62 , -72
-66 , -58 , -63 , -74
-73 , -61 , -60 , -72
-67 , -61 , -60 , -73
-69 , -56 , -59 , -72
-73 , -61 , -62 , -61
-66 , -60 , -57 , -62
-68 , -59 , -61 , -60
-73 , -54 , -59 , -75
-66 , -57 , -60 , -59
-69 , -53 , -57 , -74
-67 , -61 , -60 , -72
-65 , -58 , -60 , -72
-72 , -55 , -56 , -73
-72 , -55 , -59 , -73
-70 , -59 , -60 , -72
-66 , -57 , -60 , -63
-67 , -59 , -61 , -59
-68 , -58 , -56 , -74
-69 , -55 , -60 , -60
-67 , -54 , -60 , -74
-67 , -57 , -59 , -67
-69 , -54 , -61 , -61
-66 , -56 , -57 , -59
-69 , -60 , -56 , -72
-67 , -53 , -61 , -72
-71 , -61 , -60 , -68
-68 , -58 , -60 , -65
-68 , -54 , -62 , -63
-71 , -58 , -61 , -68
-66 , -61 , -56 , -73
-72 , -54 , -63 , -68
-67 , -54 , -61 , -74
-69 , -54 , -60 , -68
-67 , -57 , -60 , -65
-68 , -62 , -61 , -61
-66 , -54 , -60 , -63
-67 , -55 , -61 , -65
-70 , -59 , -58 , -62
-67 , -55 , -58 , -72
-67 , -57 , -60 , -61
-67 , -54 , -60 , -61
-66 , -53 , -61 , -64
-67 , -54 , -63 , -73
-66 , -54 , -61 , -75
-70 , -61 , -61 , -63
-66 , -54 , -60 , -66
-69 , -56 , -60 , -74
-67 , -61 , -61 , -59
-67 , -61 , -56 , -66
-73 , -54 , -62 , -62
-71 , -54 , -61 , -65
-66 , -57 , -62 , -74
-68 , -61 , -61 , -74
-67 , -56 , -60 , -66
-73 , -54 , -57 , -59
-72 , -58 , -61 , -74
-66 , -53 , -63 , -74
-73 , -61 , -61 , -66
-66 , -61 , -62 , -65
-70 , -60 , -60 , -72
-72 , -58 , -59 , -60
-76 , -61 , -62 , -73
-65 , -61 , -61 , -75
-70 , -57 , -60 , -74
-66 , -54 , -63 , -72
-72 , -54 , -61 , -71
-70 , -61 , -59 , -71
-65 , -61 , -62 , -75
-67 , -54 , -56 , -71
-70 , -61 , -60 , -75
-73 , -61 , -62 , -73
-68 , -55 , -62 , -74
-66 , -55 , -59 , -72
-72 , -61 , -59 , -72
-67 , -56 , -62 , -72
-67 , -61 , -60 , -66
-70 , -59 , -61 , -73
-65 , -64 , -61 , -72
-69 , -58 , -59 , -61
-72 , -61 , -56 , -72
-66 , -61 , -61 , -65
-66 , -54 , -60 , -72
-71 , -61 , -60 , -67
-65 , -61 , -60 , -71
-68 , -58 , -60 , -66
-67 , -59 , -56 , -60
-73 , -61 , -61 , -65
-66 , -54 , -59 , -67
-67 , -54 , -58 , -62
-72 , -54 , -60 , -67
-73 , -57 , -60 , -66
-67 , -54 , -60 , -71
-71 , -62 , -60 , -64
-72 , -54 , -56 , -59
-68 , -56 , -60 , -67
-70 , -55 , -61 , -73
-75 , -53 , -63 , -72
-65 , -57 , -59 , -72
-72 , -56 , -61 , -64
-68 , -56 , -62 , -73
-69 , -56 , -61 , -65
-72 , -54 , -57 , -59
-67 , -59 , -62 , -65
-72 , -58 , -60 , -72
-67 , -61 , -62 , -65
-65 , -54 , -61 , -74
-69 , -61 , -62 , -71
-72 , -54 , -59 , -60
-67 , -55 , -60 , -67
-72 , -61 , -61 , -66
-67 , -55 , -61 , -69
-73 , -55 , -61 , -64
-66 , -61 , -60 , -61
-73 , -55 , -59 , -65
-72 , -56 , -60 , -71
-69 , -54 , -60 , -65
-76 , -56 , -62 , -65
-66 , -56 , -59 , -72
-73 , -54 , -60 , -69
-69 , -54 , -61 , -66
-65 , -54 , -60 , -71
-68 , -57 , -60 , -66
-66 , -54 , -60 , -73
-67 , -54 , -60 , -67
-75 , -58 , -61 , -64
-72 , -54 , -60 , -72
-72 , -54 , -61 , -74
-73 , -55 , -60 , -67
-72 , -54 , -61 , -77
-71 , -55 , -62 , -72
-66 , -55 , -62 , -73
-71 , -55 , -63 , -66
-75 , -61 , -60 , -67
-70 , -55 , -61 , -62
-69 , -55 , -60 , -73
-72 , -61 , -63 , -73
-69 , -61 , -61 , -77
-73 , -61 , -62 , -66
-66 , -54 , -60 , -72
-66 , -56 , -62 , -65
-71 , -60 , -60 , -72
-65 , -61 , -60 , -73
-70 , -55 , -61 , -59
-66 , -54 , -56 , -60
-65 , -54 , -57 , -59
-72 , -54 , -56 , -65
-68 , -54 , -61 , -60
-66 , -54 , -63 , -71
-65 , -60 , -60 , -72
-66 , -56 , -60 , -60
-74 , -59 , -59 , -70
-67 , -55 , -60 , -64
-70 , -54 , -56 , -72
-74 , -62 , -60 , -67
-66 , -55 , -60 , -64
-66 , -56 , -61 , -61
-74 , -54 , -60 , -60
-65 , -57 , -60 , -62
-68 , -54 , -60 , -66
-65 , -61 , -61 , -73
-72 , -56 , -60 , -67
-70 , -61 , -63 , -72
-66 , -56 , -60 , -59
-72 , -54 , -60 , -61
-68 , -54 , -59 , -59
-66 , -53 , -60 , -74
-69 , -62 , -56 , -74
-71 , -56 , -63 , -65
-69 , -60 , -62 , -77
-68 , -55 , -60 , -61
-65 , -53 , -58 , -61
-71 , -54 , -60 , -73
-70 , -55 , -57 , -72
-66 , -61 , -61 , -66
-72 , -53 , -57 , -73
-65 , -54 , -58 , -65
-69 , -56 , -60 , -73
-65 , -54 , -60 , -65
-67 , -58 , -61 , -64
-69 , -61 , -60 , -65
-65 , -58 , -59 , -60
-66 , -54 , -57 , -64
-75 , -54 , -61 , -58
-74 , -59 , -57 , -71
-69 , -54 , -60 , -73
-66 , -54 , -62 , -72
-66 , -59 , -62 , -66
-67 , -54 , -60 , -72
-68 , -59 , -57 , -61
-70 , -54 , -60 , -65
-70 , -58 , -61 , -60
-73 , -61 , -56 , -60
-72 , -61 , -57 , -67
-69 , -53 , -57 , -72
-72 , -54 , -62 , -73
-71 , -58 , -60 , -59
-67 , -56 , -56 , -60
-72 , -54 , -57 , -73
-65 , -59 , -63 , -73
-66 , -56 , -62 , -65
-66 , -61 , -61 , -64
-72 , -59 , -61 , -64
-69 , -55 , -62 , -61
-70 , -55 , -60 , -61
-71 , -59 , -62 , -66
-69 , -61 , -60 , -73
-72 , -54 , -60 , -58
-70 , -54 , -56 , -67
-71 , -55 , -59 , -66
-68 , -54 , -59 , -73
-75 , -54 , -60 , -62
-67 , -61 , -61 , -64
-66 , -54 , -60 , -74
-67 , -55 , -61 , -66
-65 , -56 , -60 , -67
-66 , -53 , -59 , -72
-66 , -54 , -61 , -73
-67 , -54 , -62 , -65
-70 , -54 , -60 , -73
-74 , -61 , -63 , -65
-70 , -57 , -60 , -72
-65 , -54 , -62 , -64
-69 , -55 , -61 , -78
-65 , -61 , -56 , -61
-71 , -54 , -57 , -61
-75 , -62 , -60 , -74
-72 , -54 , -63 , -61
-75 , -63 , -58 , -70
-66 , -61 , -60 , -64
-70 , -54 , -60 , -60
-69 , -59 , -60 , -65
-70 , -54 , -61 , -77
-69 , -62 , -59 , -65
-68 , -56 , -61 , -70
-71 , -56 , -59 , -61
-66 , -56 , -57 , -60
-74 , -54 , -62 , -67
-69 , -59 , -56 , -77
-70 , -54 , -60 , -60
-66 , -54 , -60 , -59
-66 , -58 , -60 , -74
-67 , -58 , -61 , -72
-70 , -59 , -62 , -67
-70 , -56 , -59 , -72
-67 , -56 , -61 , -72
-70 , -54 , -61 , -73
-73 , -55 , -63 , -60
-67 , -56 , -61 , -70
-69 , -61 , -60 , -59
-72 , -55 , -57 , -59
-72 , -61 , -56 , -60
-70 , -61 , -57 , -72
-66 , -62 , -61 , -74
-67 , -54 , -61 , -73
-69 , -53 , -56 , -58
-68 , -57 , -56 , -72
-74 , -56 , -56 , -61
-66 , -59 , -60 , -65
-74 , -61 , -61 , -73
-66 , -61 , -60 , -64
-73 , -59 , -61 , -60
-67 , -58 , -59 , -73
-69 , -61 , -63 , -60
-66 , -62 , -60 , -59
-66 , -54 , -60 , -73
-70 , -54 , -61 , -74
-66 , -55 , -63 , -66
-72 , -54 , -60 , -70
-66 , -55 , -60 , -64
-72 , -62 , -62 , -77
-67 , -54 , -60 , -73
-68 , -54 , -60 , -73
-75 , -60 , -60 , -66
-67 , -61 , -60 , -59
-74 , -54 , -59 , -60
-65 , -56 , -57 , -60
-72 , -54 , -56 , -73
-70 , -54 , -61 , -73
-72 , -60 , -60 , -72
-65 , -59 , -61 , -73
-72 , -55 , -60 , -73
-69 , -55 , -60 , -72
-69 , -59 , -62 , -74
-65 , -58 , -61 , -74
-66 , -60 , -62 , -65
-71 , -60 , -62 , -60
-67 , -62 , -59 , -60
-67 , -57 , -56 , -77
-69 , -54 , -59 , -59
-68 , -60 , -54 , -72
-66 , -62 , -62 , -58
-68 , -61 , -56 , -73
-66 , -61 , -59 , -67
-74 , -54 , -59 , -71
-66 , -55 , -59 , -65
-66 , -58 , -60 , -66
-68 , -56 , -60 , -70
-66 , -62 , -59 , -71
-74 , -56 , -59 , -71
-67 , -54 , -60 , -59
-69 , -55 , -56 , -73
-69 , -58 , -61 , -64
-67 , -54 , -62 , -67
-66 , -55 , -60 , -64
-70 , -58 , -62 , -65
-66 , -58 , -60 , -60
-70 , -58 , -58 , -73
-69 , -56 , -60 , -73
-65 , -60 , -61 , -73
-65 , -54 , -61 , -60
-67 , -55 , -57 , -59
-69 , -58 , -57 , -64
-70 , -53 , -60 , -65
-69 , -55 , -61 , -62
-68 , -60 , -61 , -68
-69 , -60 , -59 , -70
-67 , -54 , -60 , -64
-72 , -60 , -61 , -73
-68 , -61 , -62 , -58
-75 , -55 , -56 , -70
-68 , -55 , -61 , -59
-71 , -55 , -56 , -60
-70 , -54 , -57 , -61
-66 , -53 , -57 , -62
-72 , -56 , -58 , -74
-65 , -54 , -61 , -61
-67 , -61 , -60 , -73
-66 , -56 , -61 , -67
-66 , -57 , -59 , -65
-66 , -60 , -64 , -65
-66 , -59 , -62 , -67
-69 , -58 , -60 , -60
-68 , -56 , -56 , -72
-70 , -61 , -60 , -65
-66 , -54 , -62 , -59
-66 , -60 , -59 , -59
-72 , -55 , -58 , -62
-72 , -56 , -61 , -65
-66 , -55 , -60 , -72
-74 , -55 , -62 , -64
-72 , -58 , -60 , -73
-74 , -54 , -63 , -70
-69 , -54 , -60 , -64
-72 , -55 , -60 , -73
-72 , -55 , -62 , -71
-68 , -54 , -59 , -65
-74 , -54 , -61 , -60
-66 , -61 , -57 , -68
-69 , -54 , -59 , -61
-74 , -62 , -60 , -73
-74 , -58 , -60 , -71
-72 , -54 , -60 , -72
-70 , -61 , -65 , -74
-68 , -57 , -58 , -73
-66 , -61 , -62 , -73
-72 , -59 , -57 , -59
-70 , -53 , -61 , -62
-66 , -54 , -60 , -66
-73 , -62 , -60 , -72
-68 , -57 , -61 , -62
-74 , -55 , -61 , -74
-71 , -60 , -59 , -60
-66 , -60 , -60 , -73
-72 , -55 , -60 , -65
-71 , -55 , -60 , -75
-71 , -54 , -60 , -75
-71 , -54 , -60 , -72
-70 , -55 , -60 , -61
-66 , -54 , -62 , -64
-69 , -55 , -60 , -71
-67 , -57 , -60 , -66
-65 , -60 , -60 , -73
-68 , -54 , -60 , -72
-68 , -55 , -62 , -65
-67 , -55 , -59 , -60
-69 , -55 , -56 , -59
-66 , -54 , -60 , -71
-70 , -56 , -60 , -73
-66 , -56 , -60 , -72
-65 , -61 , -56 , -59
-65 , -59 , -61 , -65
-71 , -55 , -56 , -59
-65 , -54 , -62 , -65
-66 , -55 , -60 , -73
-68 , -56 , -63 , -74
-70 , -55 , -60 , -66
-66 , -54 , -62 , -65
-66 , -55 , -60 , -69
-71 , -56 , -56 , -60
-67 , -53 , -59 , -67
-70 , -56 , -59 , -71
-73 , -54 , -56 , -59
-69 , -59 , -60 , -61
-66 , -62 , -60 , -71
-67 , -54 , -60 , -72
-68 , -56 , -59 , -67
-67 , -58 , -60 , -61
-66 , -58 , -60 , -72
-68 , -53 , -61 , -74
-69 , -57 , -61 , -63
-73 , -56 , -62 , -65
-72 , -54 , -61 , -73
-67 , -59 , -60 , -73
-66 , -58 , -56 , -60
-69 , -56 , -61 , -72
-67 , -54 , -60 , -72
-68 , -58 , -60 , -67
