-13 , -03 , +05 , -31
-12 , -03 , +05 , -30
-12 , -03 , +05 , -31
+500 , -03 , +06 , +500
-12 , -03 , +04 , -31
-13 , -02 , +03 , -31
-14 , -02 , +02 , -31
-14 , -03 , +03 , -31
-14 , -02 , +03 , -31
+500 , +500 , +500 , -30
-14 , -03 , +00 , -30
-14 , -03 , +01 , -30
-13 , -03 , -01 , -31
-14 , -03 , +00 , -30
-14 , -03 , +00 , -30
-14 , +500 , +500 , +500
-13 , -03 , +00 , -30
-14 , -03 , +02 , -30
-14 , -03 , +03 , -30
-15 , -03 , +04 , -30
-14 , -03 , +04 , -30
-14 , -03 , +04 , -30
-13 , -03 , +03 , -31
+500 , -03 , +03 , +500
-13 , -03 , +04 , -30
-13 , -03 , +04 , -30
-14 , -03 , +05 , -30
-14 , -03 , +04 , -31
-13 , -03 , +03 , +500
+500 , +500 , +500 , -31
-11 , -03 , +500 , -33
-11 , -03 , +02 , -33
-12 , -03 , +02 , -32
-12 , -03 , +01 , -32
-13 , -03 , +00 , -32
-13 , +500 , +500 , +500
-12 , -03 , +02 , -32
-12 , -03 , +01 , -32
-12 , -03 , +02 , -32
-13 , -03 , +03 , -32
-13 , -03 , +05 , -31
-13 , -03 , +06 , -31
-13 , -03 , +06 , -31
+500 , -03 , +05 , +500
-14 , -03 , +05 , -31
-15 , -03 , +07 , -30
-13 , -03 , +500 , -31
-14 , -03 , +06 , -31
-13 , -03 , +07 , -30
+500 , +500 , +500 , -30
-14 , -03 , +06 , -30
-13 , -03 , +07 , -30
-13 , -03 , +05 , -30
-13 , -03 , +04 , -30
-13 , -03 , +02 , -29
-13 , +500 , +500 , +500
-13 , -04 , +03 , -29
-14 , -04 , +04 , -29
-14 , -04 , +02 , -29
-13 , -04 , +03 , -29
-13 , -04 , +02 , -29
-14 , -04 , +02 , -29
-14 , -03 , +01 , -29
+500 , -03 , +02 , +500
-15 , -04 , +500 , +500
-15 , -04 , +02 , -29
-15 , -04 , +04 , -28
-16 , -04 , +04 , -28
-15 , -04 , +05 , -28
+500 , +500 , +500 , -28
-16 , -04 , +04 , -28
-16 , -04 , +04 , -28
-17 , -04 , +03 , -28
-16 , -04 , +02 , -28
-17 , +500 , +500 , +500
-16 , -04 , +01 , -31
-16 , -04 , +01 , -32
-15 , -03 , -01 , -32
-16 , -05 , +01 , -33
-16 , -04 , +02 , -33
-17 , -03 , +02 , -34
+500 , -02 , +01 , +500
-17 , -02 , +03 , -34
-17 , -01 , +02 , -34
-17 , -01 , -01 , -34
-17 , -01 , +01 , -34
-12 , +00 , +500 , +500
+500 , +500 , +500 , -35
-12 , +500 , +500 , +500
+500 , +00 , +01 , -35
-12 , +01 , -01 , -35
-12 , +01 , -03 , -36
-12 , +01 , -04 , -36
+500 , +01 , +500 , -36
-13 , +500 , +500 , +500
-12 , +02 , -08 , -36
-12 , +500 , -11 , +500
-11 , +02 , -13 , -32
-10 , +02 , -16 , -29
-09 , +02 , -14 , -26
-10 , +02 , -15 , -26
+500 , +03 , -11 , +500
-11 , +03 , -11 , -27
-12 , +03 , -11 , +500
-12 , +03 , -15 , -25
-12 , +03 , -14 , -26
-12 , +03 , -17 , -23
+500 , +500 , +500 , -20
-13 , +04 , -18 , -20
-14 , +04 , +500 , -21
-14 , +04 , -16 , -21
-12 , +04 , -16 , -21
-14 , +05 , -15 , -22
-15 , +500 , +500 , +500
-14 , +500 , +500 , +500
-15 , +05 , -13 , -19
-16 , +06 , -13 , -20
-17 , +06 , -12 , -20
-18 , +07 , -12 , +500
-19 , +07 , -11 , -21
+500 , +08 , -10 , +500
-16 , +08 , -09 , -19
-16 , +08 , -08 , -19
-16 , +08 , -07 , -16
-17 , +08 , -07 , -17
-17 , +500 , +500 , +500
+500 , +500 , +500 , -19
-19 , +08 , -06 , +500
-19 , +08 , -06 , -17
-19 , +500 , +500 , +500
-19 , +08 , -07 , -17
-18 , +08 , -06 , -18
+500 , +08 , -07 , -19
-18 , +500 , +500 , +500
-15 , +08 , -07 , +500
-17 , +08 , -07 , +500
-17 , +08 , -06 , -20
-17 , +09 , -06 , -21
-18 , +09 , -06 , +500
-19 , +09 , -06 , -23
+500 , +09 , -05 , +500
-19 , +09 , -05 , -23
-20 , +09 , +500 , +500
-20 , +09 , -05 , -24
+500 , +09 , -04 , -25
-22 , +09 , -04 , -25
+500 , +500 , +500 , -26
-24 , +09 , -04 , -24
-24 , +09 , +500 , +500
-24 , +10 , -03 , -28
-25 , +10 , -02 , -30
-24 , +09 , -02 , -25
-24 , +10 , -02 , -24
-24 , +500 , +500 , +500
-25 , +11 , +00 , -27
-25 , +11 , +00 , -26
-23 , +12 , +01 , -27
-23 , +11 , +01 , -27
-23 , +11 , +02 , -27
+500 , +11 , +02 , +500
-24 , +12 , +02 , -29
-25 , +11 , +02 , -30
-24 , +12 , +02 , -29
-24 , +500 , +500 , +500
-23 , +12 , +02 , -31
+500 , +500 , +500 , -29
-22 , +13 , +03 , -29
-22 , +15 , +03 , -26
-19 , +15 , +03 , -25
-19 , +16 , +03 , -26
-20 , +15 , +04 , -24
-20 , +15 , +04 , -24
-20 , +16 , +04 , -25
-20 , +500 , +500 , +500
+500 , +16 , +04 , +500
-20 , +19 , +04 , -23
-19 , +19 , +04 , -24
-21 , +19 , +04 , -25
-21 , +19 , +04 , -26
+500 , +17 , +04 , +500
-22 , +16 , +04 , -21
+500 , +16 , +04 , +500
-23 , +19 , +04 , -19
-21 , +22 , +04 , -19
-23 , +23 , +04 , -21
+500 , +500 , +500 , -22
-23 , +23 , +04 , -23
-23 , +25 , +04 , -20
-22 , +26 , +04 , -20
-22 , +25 , +04 , -17
-23 , +25 , +03 , -14
-22 , +26 , +03 , -12
-21 , +26 , +04 , -11
-22 , +500 , +500 , +500
-21 , +26 , +04 , -06
-20 , +27 , +04 , -03
-20 , +26 , +04 , -05
+500 , +500 , +04 , +500
+500 , +26 , +04 , +500
+500 , +500 , +04 , +500
-17 , +26 , +04 , -05
-13 , +25 , +04 , -05
-16 , +25 , +04 , -07
-17 , +24 , +04 , -09
+500 , +500 , +500 , -11
-18 , +25 , +04 , -13
-19 , +26 , +04 , -14
+500 , +24 , +04 , -15
-20 , +25 , +04 , -17
-21 , +28 , +04 , -17
-21 , +29 , +04 , -18
+500 , +31 , +500 , +500
-23 , +500 , +500 , +500
+500 , +31 , +500 , +500
-25 , +30 , +05 , -23
-26 , +29 , +05 , -24
-26 , +29 , +05 , -25
-27 , +29 , +05 , -26
+500 , +29 , +05 , +500
-28 , +26 , +05 , -24
-29 , +26 , +05 , -25
+500 , +26 , +05 , -27
-29 , +26 , +06 , -29
-29 , +26 , +06 , -30
+500 , +500 , +500 , -31
-29 , +26 , +07 , -31
-29 , +28 , +07 , -32
-29 , +28 , +07 , -33
-29 , +500 , +500 , +500
-30 , +26 , +08 , -34
-30 , +26 , +08 , -34
-29 , +500 , +500 , +500
-28 , +25 , +09 , -36
-28 , +24 , +10 , -36
-28 , +24 , +11 , -37
-29 , +23 , +12 , -36
-29 , +22 , +13 , -36
+500 , +21 , +13 , +500
-29 , +20 , +13 , -35
-28 , +19 , +13 , -34
-29 , +500 , +500 , +500
-28 , +17 , +13 , -33
-28 , +16 , +12 , -33
+500 , +500 , +500 , -34
-28 , +15 , +13 , -34
-28 , +14 , +14 , -34
-28 , +15 , +15 , -35
-28 , +15 , +16 , -35
-27 , +15 , +16 , -37
-27 , +14 , +16 , -36
-27 , +14 , +17 , -38
-27 , +500 , +500 , +500
-27 , +13 , +18 , -38
-27 , +13 , +21 , -39
-27 , +13 , +21 , -39
-26 , +12 , +24 , -40
-26 , +12 , +23 , -40
+500 , +12 , +24 , +500
-27 , +11 , +22 , -42
-27 , +09 , +21 , -37
-27 , +11 , +22 , -38
-27 , +10 , +19 , -39
-27 , +10 , +17 , -35
+500 , +500 , +500 , -36
-28 , +13 , +15 , -37
-28 , +13 , +15 , -39
-28 , +14 , +16 , -40
-28 , +13 , +14 , -41
-28 , +13 , +14 , -43
-28 , +13 , +12 , +500
-27 , +12 , +11 , +500
-27 , +500 , +500 , +500
-27 , +11 , +04 , -42
-27 , +12 , +04 , -43
-27 , +11 , +07 , -43
-26 , +10 , +08 , -44
-26 , +10 , +06 , -44
-27 , +500 , +500 , +500
+500 , +12 , +07 , +500
-26 , +11 , +04 , -44
-26 , +09 , +06 , -43
-26 , +08 , +08 , -43
-26 , +08 , +11 , -43
+500 , +500 , +500 , -43
-27 , +08 , +07 , -44
-27 , +08 , +03 , -44
-27 , +07 , +03 , -44
+500 , +07 , +500 , +500
-27 , +08 , +01 , -44
-27 , +07 , +02 , -44
-27 , +08 , +01 , -44
-27 , +500 , +500 , +500
-23 , +10 , +05 , -43
-21 , +10 , +03 , -43
-22 , +10 , +04 , -43
-23 , +09 , +04 , -42
-22 , +09 , +05 , -42
-22 , +09 , +06 , -41
+500 , +08 , +08 , +500
-23 , +09 , +11 , -42
-23 , +08 , +11 , -42
-23 , +07 , +10 , -41
-23 , +05 , +500 , -41
+500 , +500 , +500 , -41
-23 , +04 , +10 , -41
-22 , +05 , +13 , -41
-22 , +05 , +11 , -41
-22 , +05 , +11 , -41
-23 , +04 , +10 , -41
-21 , +02 , +08 , -42
-16 , +01 , +10 , -42
-17 , +500 , +500 , +500
-18 , +00 , +09 , -42
-19 , +00 , +08 , -41
-20 , -01 , +07 , -41
-20 , -01 , +08 , -40
-21 , -01 , +08 , -40
-20 , +500 , +500 , +500
+500 , -02 , +08 , +500
-20 , -01 , +500 , -42
-20 , +00 , +09 , -44
-20 , +00 , +09 , -44
-20 , -01 , +10 , -44
+500 , +500 , +500 , -44
-20 , -02 , +09 , -44
-20 , -02 , +09 , -44
+500 , +500 , +10 , +500
-20 , -02 , +11 , -43
-19 , +500 , +500 , -43
-19 , -03 , +12 , -43
-18 , -03 , +11 , -42
-18 , +500 , +500 , +500
-16 , -03 , +11 , -41
-14 , -02 , +11 , -41
+500 , -02 , +11 , -39
-14 , -02 , +13 , -39
-12 , -01 , +12 , -38
+500 , -01 , +11 , +500
-13 , -02 , +12 , -38
-13 , -02 , +14 , -37
-12 , -03 , +15 , -37
-10 , -03 , +17 , -36
+500 , +500 , +500 , -36
-08 , -03 , +17 , -36
-06 , -02 , +15 , -36
+500 , +500 , +15 , +500
-04 , -03 , +14 , -35
-04 , -02 , +14 , -36
-06 , -02 , +14 , -36
-06 , -03 , +15 , -36
-06 , +500 , +500 , +500
-06 , -04 , +16 , -36
+500 , -05 , +16 , +500
-05 , -06 , +16 , -36
-04 , -07 , +17 , -36
-06 , -07 , +19 , -35
-04 , -07 , +19 , -35
+500 , -06 , +20 , +500
-04 , -07 , +20 , -36
-03 , -07 , +21 , -36
-02 , -06 , +22 , -35
