+500 , +07 , -01 , +500
+500 , +500 , +500 , -40
-22 , +07 , -01 , +500
-22 , +07 , -01 , -40
-22 , +07 , -01 , -40
-21 , +07 , -01 , -40
-21 , +07 , -01 , -41
-21 , +07 , -01 , -41
-22 , +07 , -01 , -41
-24 , +07 , -01 , -42
-26 , +07 , -01 , -37
-25 , +07 , -01 , -32
-25 , +07 , -01 , -33
-25 , +07 , -02 , -34
-27 , +07 , -02 , -30
-25 , +07 , -02 , -31
-24 , +07 , -02 , -28
+500 , +07 , -02 , -29
-23 , +500 , -03 , +500
-24 , +08 , -03 , -22
+500 , +08 , +500 , +500
+500 , +500 , +500 , -16
-27 , +08 , -03 , -18
-27 , +500 , +500 , -19
-26 , +08 , -04 , -16
-28 , +08 , -04 , -18
-28 , +08 , -04 , -14
-26 , +08 , -04 , -16
-26 , +08 , -04 , -14
-25 , +500 , +500 , -16
-26 , +08 , -05 , -17
-27 , +09 , -05 , -15
+500 , +500 , -05 , +500
-26 , +09 , -05 , -13
-26 , +09 , -05 , -11
-25 , +09 , -05 , -09
-26 , +09 , -05 , -07
-25 , +09 , -06 , -09
-24 , +500 , -06 , +500
-24 , +09 , -06 , -09
+500 , +09 , +500 , +500
+500 , +500 , +500 , -05
-25 , +09 , -06 , -02
+500 , +500 , -06 , +500
-29 , +09 , -06 , -03
-29 , +09 , -06 , -05
-27 , +09 , -06 , -08
-27 , +09 , -07 , -05
-25 , +09 , -07 , -03
-20 , +09 , -07 , -01
-19 , +09 , -07 , +02
-18 , +08 , -07 , +04
-14 , +08 , -07 , +06
-15 , +08 , -07 , +03
-11 , +08 , -07 , +05
-12 , +08 , -07 , +03
-15 , +08 , -07 , +05
-16 , +09 , -07 , +03
-16 , +500 , -07 , +500
-16 , +09 , -07 , -02
+500 , +09 , +500 , +500
+500 , +500 , +500 , -03
-14 , +08 , -07 , -05
-16 , +09 , -07 , -04
-17 , +09 , -08 , -06
-19 , +09 , -07 , -04
-16 , +09 , -08 , -01
-12 , +09 , -08 , +01
-13 , +09 , -08 , -01
-15 , +09 , -07 , +01
-15 , +09 , -07 , +02
-17 , +09 , -07 , +03
+500 , +09 , +500 , +500
-17 , +09 , -07 , -01
-17 , +09 , -07 , -03
-17 , +09 , -07 , -02
+500 , +08 , -07 , +01
+500 , +08 , -07 , +500
-17 , +500 , -07 , +500
+500 , +08 , -07 , +05
+500 , +08 , +500 , +500
+500 , +500 , +500 , +04
-18 , +08 , -07 , +06
-18 , +08 , -07 , +09
-18 , +08 , -07 , +500
-20 , +08 , -07 , +10
-18 , +08 , -07 , +11
-18 , +08 , -07 , +11
-20 , +08 , -07 , +09
+500 , +08 , -08 , +10
-19 , +08 , -08 , +07
-21 , +09 , -07 , +08
-20 , +09 , -08 , +09
-21 , +09 , -07 , +07
-21 , +08 , -07 , +08
-22 , +09 , -07 , +08
-22 , +08 , -07 , +09
-22 , +08 , -07 , +10
-21 , +500 , -07 , +500
-24 , +09 , -07 , +04
+500 , +08 , +500 , +500
+500 , +500 , +500 , +07
-19 , +08 , -07 , +07
-16 , +08 , -07 , +09
+500 , +08 , -07 , +06
-18 , +09 , +500 , +500
-18 , +09 , -07 , +04
-14 , +09 , -07 , +06
-14 , +09 , -07 , +08
-14 , +09 , -07 , +09
-13 , +08 , -07 , +05
-12 , +08 , -07 , +03
-15 , +08 , -07 , +05
-15 , +08 , -07 , +06
-15 , +08 , -07 , +09
-15 , +08 , -07 , +10
-11 , +08 , -07 , +12
-10 , +08 , -07 , +08
-14 , +500 , -07 , +500
-14 , +08 , -07 , +06
+500 , +08 , +500 , +500
+500 , +500 , +500 , +11
-11 , +08 , -07 , +12
-10 , +08 , -07 , +500
-09 , +500 , +500 , +500
-10 , +08 , -07 , +11
-10 , +08 , -07 , +11
-13 , +500 , +500 , +500
-13 , +08 , -06 , +13
-15 , +08 , -06 , +14
-11 , +08 , -06 , +16
+500 , +08 , -07 , +18
-12 , +08 , -07 , +21
-13 , +500 , -07 , +22
-16 , +08 , -07 , +19
-15 , +08 , -07 , +21
+500 , +08 , +500 , +500
-15 , +500 , -07 , +500
+500 , +08 , +500 , +500
+500 , +500 , +500 , +15
-18 , +08 , -07 , +15
-21 , +08 , -07 , +12
-20 , +500 , +500 , +500
-23 , +08 , -07 , +11
-25 , +08 , -07 , +08
+500 , +08 , -07 , +05
-27 , +08 , -07 , +06
-23 , +08 , -07 , +08
-25 , +09 , -07 , +09
-26 , +09 , -07 , +10
-26 , +09 , -07 , +07
-24 , +09 , -07 , +03
+500 , +09 , -07 , +06
-19 , +09 , -07 , +08
-15 , +09 , -07 , +11
-18 , +09 , -07 , +08
+500 , +500 , -07 , +500
-16 , +09 , +500 , +500
+500 , +500 , +500 , +09
-15 , +09 , -07 , +12
-16 , +09 , -07 , +09
-17 , +09 , -07 , +500
-19 , +09 , -07 , +10
+500 , +09 , -07 , +07
-17 , +09 , -07 , +04
-16 , +09 , -07 , +06
-15 , +09 , -07 , +08
-14 , +09 , -07 , +11
-15 , +500 , +500 , +08
-18 , +09 , -07 , +05
-19 , +09 , -07 , +500
-20 , +09 , -06 , +500
+500 , +09 , +500 , +500
+500 , +09 , -06 , +02
+500 , +09 , +500 , +500
+500 , +500 , -07 , +500
-23 , +08 , +500 , +500
+500 , +500 , +500 , +01
-26 , +08 , -07 , +02
-28 , +08 , -07 , +04
-29 , +09 , -07 , +05
-27 , +09 , -07 , +02
-28 , +09 , -07 , +03
-28 , +09 , -07 , +01
+500 , +09 , -07 , -02
-29 , +09 , -06 , -04
-30 , +09 , -06 , -07
+500 , +500 , -07 , +500
-29 , +09 , -06 , -10
-28 , +09 , -06 , -06
+500 , +500 , -06 , +500
-28 , +09 , -06 , -10
-27 , +09 , -06 , -08
+500 , +500 , -06 , +500
-28 , +09 , +500 , +500
+500 , +500 , +500 , -08
-22 , +09 , -06 , -05
-20 , +09 , -06 , -08
-20 , +09 , -06 , -09
-19 , +09 , -06 , -12
+500 , +09 , -06 , +500
-20 , +09 , -06 , -13
+500 , +09 , -06 , -09
-20 , +09 , -06 , -11
+500 , +09 , -06 , -13
-22 , +09 , -06 , -15
-22 , +09 , -06 , -13
+500 , +08 , -06 , -11
-21 , +08 , -06 , -13
+500 , +08 , -06 , -16
-22 , +09 , -06 , -17
+500 , +500 , -06 , +500
-27 , +09 , +500 , +500
+500 , +500 , +500 , -15
-26 , +09 , -06 , -16
-28 , +09 , -06 , -14
+500 , +09 , +500 , -15
-27 , +09 , -05 , -17
-27 , +09 , -05 , -18
-26 , +09 , -05 , -16
-28 , +09 , -05 , -18
+500 , +09 , -05 , -20
+500 , +09 , -05 , -22
-28 , +09 , -05 , -23
-31 , +500 , +500 , +500
-30 , +09 , -05 , -26
-30 , +09 , -06 , -23
-29 , +500 , +500 , +500
-29 , +09 , -06 , -22
-29 , +09 , -06 , +500
-31 , +500 , +500 , +500
+500 , +500 , -06 , +500
-31 , +09 , +500 , +500
+500 , +500 , +500 , -20
-30 , +500 , +500 , +500
+500 , +09 , +500 , +500
+500 , +09 , -07 , +500
-29 , +09 , -07 , -20
-31 , +09 , +500 , +500
+500 , +09 , -07 , -20
-32 , +10 , -07 , -17
-30 , +09 , -07 , -14
-31 , +09 , -07 , -12
-29 , +09 , -07 , -14
-28 , +09 , -07 , -10
-30 , +09 , -07 , -12
-30 , +09 , +500 , -07
-32 , +09 , -07 , -10
-30 , +09 , -07 , -06
-33 , +09 , -07 , -08
+500 , +500 , -07 , +500
-31 , +09 , +500 , +500
+500 , +500 , +500 , -11
-29 , +09 , -07 , -14
-27 , +09 , -07 , -16
-27 , +09 , -07 , -18
-27 , +09 , -07 , -19
-27 , +09 , -07 , -21
-26 , +09 , -07 , -19
-26 , +09 , -07 , -20
-24 , +09 , -07 , -16
+500 , +09 , -07 , -12
-23 , +09 , -07 , -15
-21 , +09 , -07 , -17
-23 , +09 , -07 , -15
-24 , +09 , -07 , -17
-22 , +09 , -07 , -13
-19 , +09 , -07 , -10
-21 , +09 , -07 , -12
-19 , +09 , -07 , -09
+500 , +500 , -07 , +500
-18 , +09 , +500 , +500
+500 , +500 , +500 , -16
-17 , +09 , -07 , -12
-19 , +09 , -07 , -10
-20 , +09 , -07 , -12
-20 , +09 , -07 , -14
-20 , +09 , -07 , -11
-19 , +09 , -07 , -08
-18 , +09 , -07 , -05
-18 , +09 , -07 , -04
-17 , +09 , -07 , -07
-18 , +09 , -07 , -10
-20 , +09 , -07 , -08
-22 , +09 , -07 , -06
+500 , +05 , -08 , +500
-21 , +05 , -08 , -08
-23 , +05 , -08 , -05
+500 , +500 , -08 , +500
+500 , +05 , +500 , +500
-22 , +500 , +500 , +500
+500 , +500 , +500 , +02
-22 , +06 , -08 , +00
-20 , +06 , -08 , -03
-19 , +06 , -08 , -02
-20 , +06 , -08 , -05
-19 , +06 , -08 , -03
-21 , +06 , -08 , -05
-21 , +06 , -08 , -07
-20 , +06 , -08 , -05
-19 , +06 , -08 , -02
-19 , +06 , -07 , -04
-20 , +500 , +500 , +500
-17 , +07 , -07 , +01
-17 , +07 , -08 , -01
-16 , +07 , -08 , +02
-18 , +07 , -08 , +03
-18 , +07 , -07 , +00
+500 , +500 , -07 , +500
+500 , +07 , +500 , +500
-19 , +500 , +500 , +500
+500 , +500 , +500 , +05
-18 , +07 , -07 , +06
+500 , +07 , -08 , +09
-18 , +07 , -08 , +10
-20 , +08 , -08 , +11
+500 , +07 , +500 , +500
-16 , +08 , -08 , +12
-16 , +07 , -08 , +500
-11 , +08 , -08 , +15
-12 , +08 , -08 , +11
-13 , +08 , -08 , +09
-14 , +08 , -08 , +06
-09 , +08 , -08 , +08
+500 , +500 , -08 , +500
-10 , +08 , -08 , +13
-12 , +09 , -08 , +14
-14 , +09 , -08 , +15
+500 , +500 , -07 , +500
+500 , +09 , +500 , +500
-15 , +500 , +500 , +500
+500 , +500 , +500 , +15
-15 , +08 , -07 , +16
-17 , +09 , -07 , +16
-18 , +09 , -07 , +13
-18 , +09 , -07 , +10
-17 , +09 , -07 , +11
+500 , +09 , -07 , +12
-17 , +08 , -07 , +10
-15 , +09 , -07 , +12
-14 , +08 , -07 , +08
-15 , +500 , +500 , +500
-16 , +09 , -07 , +03
-15 , +09 , -07 , +05
-16 , +09 , -07 , +500
-16 , +09 , -07 , +06
-16 , +09 , -07 , +04
+500 , +500 , -07 , +500
+500 , +09 , +500 , +500
-16 , +500 , +500 , +500
+500 , +500 , +500 , +07
+500 , +08 , -07 , +10
-17 , +09 , -07 , +11
-17 , +09 , -07 , +08
+500 , +08 , -07 , +11
-17 , +500 , +500 , +500
-12 , +08 , -08 , +11
-12 , +08 , -07 , +12
-15 , +08 , -07 , +14
-15 , +08 , -07 , +14
-17 , +09 , -07 , +15
-16 , +08 , -07 , +12
+500 , +08 , -07 , +12
-16 , +08 , -07 , +10
-17 , +08 , -07 , +07
-17 , +08 , -07 , +07
+500 , +500 , -07 , +500
+500 , +08 , +500 , +500
-17 , +500 , +500 , +500
+500 , +500 , +500 , +13
-19 , +08 , -07 , +14
-17 , +500 , +500 , +11
-20 , +09 , -07 , +08
-22 , +09 , -07 , +09
-23 , +09 , -07 , +10
-23 , +09 , -07 , +11
-22 , +08 , -07 , +13
-20 , +08 , -07 , +09
-20 , +08 , -07 , +10
-20 , +09 , -07 , +07
-23 , +09 , +500 , +500
-25 , +09 , -07 , +06
+500 , +09 , -07 , +07
-25 , +09 , -07 , +04
-24 , +09 , -06 , +01
-23 , +09 , -07 , +04
+500 , +500 , -07 , +500
+500 , +09 , +500 , +500
-22 , +500 , +500 , +500
+500 , +500 , +500 , +05
-17 , +08 , -07 , +06
-17 , +08 , -07 , +07
-16 , +08 , -07 , +04
-16 , +08 , -07 , +05
-19 , +08 , -07 , +02
-19 , +08 , -07 , +00
-19 , +08 , -07 , +03
-20 , +09 , -07 , +01
-16 , +09 , -06 , +03
-15 , +09 , -06 , +05
-15 , +08 , -06 , +03
-17 , +09 , -06 , +05
-18 , +09 , -06 , +03
-18 , +09 , -06 , +06
-17 , +09 , -06 , +09
+500 , +09 , -06 , +05
+500 , +500 , -06 , +500
+500 , +09 , +500 , +500
-08 , +500 , +500 , +500
+500 , +500 , +500 , +10
-09 , +09 , -06 , +07
+500 , +09 , -06 , +04
-09 , +09 , -05 , +01
-12 , +09 , -05 , +03
-08 , +09 , -05 , +05
-08 , +09 , -05 , +07
-10 , +09 , -05 , +08
-06 , +09 , -06 , +10
+500 , +09 , -06 , +07
-07 , +09 , -05 , +05
-08 , +09 , -05 , +03
-10 , +09 , -05 , +04
-10 , +09 , -05 , +02
-10 , +09 , -05 , +03
-06 , +09 , -06 , +06
-06 , +09 , -06 , +04
+500 , +500 , -06 , +500
+500 , +09 , +500 , +500
+01 , +500 , +500 , +500
+500 , +500 , +500 , +06
-02 , +09 , -06 , +07
+02 , +09 , -06 , +09
+01 , +09 , -06 , +06
+500 , +09 , -06 , +03
-02 , +09 , -06 , +04
-03 , +09 , -06 , +07
-04 , +09 , -06 , +10
-05 , +09 , -06 , +07
-08 , +09 , -06 , +05
+500 , +09 , -06 , +02
-08 , +09 , -06 , +04
-11 , +09 , -06 , +05
-11 , +09 , -06 , +04
-09 , +09 , -06 , +06
-10 , +09 , -06 , +03
+500 , +500 , -06 , +500
+500 , +09 , +500 , +500
-10 , +500 , +500 , +500
+500 , +500 , +500 , +01
-14 , +09 , -07 , -01
-09 , +09 , -07 , +02
+500 , +09 , -07 , -01
-06 , +09 , -07 , +01
-07 , +09 , -07 , -01
+500 , +09 , -07 , +01
-08 , +09 , -07 , -01
-12 , +09 , -07 , -03
-13 , +09 , -07 , -05
+500 , +09 , +500 , +500
-12 , +09 , -07 , -05
-13 , +09 , -07 , -06
+500 , +09 , +500 , +500
-13 , +09 , -07 , -11
+500 , +500 , -06 , +500
+500 , +09 , +500 , +500
+500 , +09 , -07 , -08
-15 , +500 , +500 , -11
-14 , +09 , -07 , -08
-14 , +09 , -07 , -06
+500 , +09 , -07 , -04
-20 , +09 , -07 , -06
-20 , +09 , -07 , -08
+500 , +09 , -07 , -05
-22 , +09 , -07 , -03
-21 , +09 , -07 , -05
+500 , +500 , -07 , +500
-20 , +09 , -07 , -11
-22 , +09 , -07 , -09
-21 , +09 , -06 , -10
-23 , +09 , -06 , -08
-24 , +09 , -06 , -10
-26 , +09 , -06 , -07
+500 , +500 , -06 , -05
+500 , +09 , -06 , +500
-18 , +09 , -06 , +00
-17 , +500 , +500 , -02
+500 , +09 , -07 , +01
-19 , +09 , -06 , +02
-21 , +09 , -06 , +03
-23 , +10 , -06 , +04
+500 , +09 , -07 , +06
-22 , +09 , -07 , +500
-22 , +09 , -07 , +500
-20 , +09 , -07 , +08
-21 , +09 , -07 , +05
-21 , +10 , -06 , +02
-21 , +10 , -06 , +00
-21 , +09 , -06 , +01
-20 , +09 , -06 , -02
-20 , +09 , -06 , -05
-22 , +09 , -06 , -03
-22 , +10 , -06 , +01
+500 , +10 , -06 , +500
-18 , +10 , -06 , +04
-20 , +500 , +500 , +05
-20 , +500 , +500 , +500
+500 , +09 , -06 , +06
-19 , +09 , -06 , +03
-18 , +500 , +500 , +500
-18 , +09 , -06 , +06
-18 , +09 , -06 , +03
-18 , +500 , +500 , +500
-18 , +09 , -06 , +01
-17 , +09 , -06 , -01
-12 , +09 , -06 , +01
-08 , +09 , -06 , +03
-08 , +09 , -06 , +06
-08 , +09 , -06 , +08
-07 , +09 , -06 , +10
-08 , +09 , -05 , +07
-11 , +09 , -05 , +09
-15 , +500 , +500 , +500
+500 , +09 , -06 , +500
-16 , +09 , -06 , +03
-15 , +500 , +500 , +05
-15 , +09 , -06 , +06
-18 , +09 , -06 , +03
+500 , +09 , +500 , +500
-18 , +09 , +500 , +500
+500 , +08 , +500 , +500
-18 , +09 , -05 , +04
-21 , +09 , -05 , +06
-21 , +09 , -05 , +500
-21 , +09 , -05 , +07
-21 , +08 , -05 , +08
+500 , +09 , -06 , +10
-18 , +09 , -06 , +12
-20 , +09 , -06 , +13
-18 , +09 , -06 , +15
-21 , +09 , -06 , +16
+500 , +08 , -06 , +500
-23 , +09 , -06 , +17
-24 , +500 , +500 , +500
-25 , +500 , +500 , +20
-25 , +09 , -06 , +22
-24 , +09 , -06 , +500
-25 , +09 , -06 , +18
-27 , +09 , -06 , +19
-27 , +09 , -06 , +15
+500 , +09 , -06 , +500
-29 , +09 , -06 , +12
-29 , +500 , +500 , +12
+500 , +09 , -06 , +13
-31 , +09 , -06 , +09
-31 , +500 , +500 , +12
-30 , +09 , -06 , +500
-23 , +500 , +500 , +500
-18 , +09 , -06 , +16
-20 , +09 , -06 , +16
-20 , +09 , -06 , +16
+500 , +09 , -07 , +500
-18 , +09 , -06 , +19
-20 , +09 , -06 , +15
-22 , +500 , +500 , +11
-22 , +09 , -07 , +14
-22 , +09 , -06 , +16
-20 , +09 , -06 , +17
-16 , +09 , -06 , +19
-16 , +09 , -06 , +20
-18 , +500 , +500 , +500
+500 , +09 , -06 , +18
-19 , +09 , -06 , +15
+500 , +09 , -06 , +16
-18 , +09 , -06 , +17
+500 , +09 , -06 , +20
+500 , +09 , -06 , +20
-19 , +09 , -07 , +17
-18 , +09 , -07 , +18
-19 , +09 , -07 , +21
+500 , +09 , -06 , +18
+500 , +09 , -06 , +500
-18 , +09 , -06 , +15
-18 , +09 , -06 , +16
-18 , +500 , +500 , +18
-17 , +09 , -06 , +19
-17 , +09 , -06 , +22
-13 , +500 , +500 , +500
-13 , +09 , -06 , +24
-09 , +09 , -06 , +26
-08 , +09 , -06 , +26
-11 , +09 , -06 , +26
-14 , +09 , -06 , +27
-15 , +09 , -06 , +23
-15 , +500 , +500 , +500
-15 , +09 , -06 , +25
-15 , +09 , -06 , +25
-18 , +09 , -06 , +25
-17 , +09 , -06 , +25
+500 , +09 , -06 , +25
-19 , +09 , -06 , +21
+500 , +09 , -06 , +500
+500 , +09 , -06 , +25
-19 , +09 , -06 , +500
-14 , +500 , +500 , +27
-17 , +09 , -07 , +27
+500 , +09 , +500 , +500
-19 , +09 , -06 , +28
