+500 , +20 , +19 , -21
+500 , +21 , +19 , -22
-35 , +20 , +19 , -22
-36 , +21 , +19 , -22
+500 , +21 , +19 , -23
+500 , +22 , +19 , +500
-35 , +500 , +500 , +500
-35 , +22 , +18 , -26
-36 , +21 , +18 , -27
-36 , +21 , +19 , -27
-37 , +20 , +19 , -28
-37 , +500 , +500 , +500
+500 , +500 , +500 , -30
-38 , +20 , +19 , -31
-37 , +21 , +18 , -27
-38 , +20 , +18 , -28
-38 , +20 , +18 , -28
+500 , +20 , +500 , +500
-37 , +20 , +18 , -31
+500 , +500 , +18 , +500
-37 , +500 , +500 , +500
-37 , +19 , +18 , -28
+500 , +20 , +17 , -29
-37 , +19 , +17 , -30
-36 , +19 , +17 , -31
-36 , +20 , +17 , -31
-35 , +500 , +500 , +500
-35 , +21 , +17 , -27
-35 , +21 , +16 , -24
-35 , +21 , +16 , -21
-35 , +20 , +16 , -22
+500 , +20 , +16 , -23
+500 , +500 , +500 , -21
-35 , +19 , +15 , -22
-36 , +18 , +16 , -23
-35 , +17 , +16 , -25
+500 , +18 , +500 , +500
-36 , +17 , +16 , -27
+500 , +500 , +16 , +500
-35 , +16 , +15 , -26
-36 , +16 , +15 , -27
-36 , +16 , +15 , -24
-36 , +15 , +15 , -26
-37 , +15 , +14 , -26
+500 , +16 , +14 , -27
+500 , +16 , +14 , -28
-36 , +500 , +500 , +500
-36 , +17 , +14 , -26
-36 , +18 , +13 , -24
-36 , +18 , +13 , -21
-35 , +18 , +13 , -20
+500 , +500 , +500 , -18
+500 , +18 , +13 , -20
+500 , +19 , +13 , -21
-32 , +19 , +12 , -23
-33 , +500 , +500 , +500
-33 , +19 , +500 , +500
-34 , +19 , +12 , -20
+500 , +500 , +12 , +500
+500 , +21 , +12 , -24
-34 , +20 , +12 , -24
-34 , +21 , +12 , -25
-34 , +23 , +13 , +500
-34 , +23 , +13 , -25
-35 , +22 , +13 , -26
+500 , +500 , +14 , +500
-35 , +500 , +500 , +500
+500 , +23 , +14 , -27
-33 , +23 , +14 , -22
-33 , +22 , +15 , -23
+500 , +500 , +500 , -25
-34 , +23 , +15 , -21
-35 , +22 , +15 , -23
-33 , +22 , +16 , -20
-33 , +22 , +16 , -21
+500 , +21 , +500 , +500
-32 , +21 , +16 , -19
-32 , +21 , +16 , -17
+500 , +500 , +16 , +500
-32 , +22 , +16 , -17
+500 , +22 , +16 , -17
-32 , +22 , +16 , -17
-31 , +23 , +16 , -18
-32 , +22 , +17 , +500
-32 , +24 , +17 , -15
-33 , +500 , +500 , +500
-32 , +23 , +17 , -14
+500 , +23 , +17 , +500
-33 , +24 , +17 , -14
+500 , +500 , +500 , -16
+500 , +25 , +500 , +500
-31 , +24 , +17 , -15
-30 , +25 , +17 , -13
-30 , +25 , +17 , +500
+500 , +25 , +500 , +500
-30 , +25 , +17 , -12
-31 , +24 , +17 , -14
+500 , +500 , +18 , +500
-31 , +23 , +18 , -17
-30 , +23 , +18 , -15
-31 , +24 , +18 , -13
+500 , +24 , +17 , -15
-32 , +23 , +18 , -16
-32 , +23 , +18 , -18
-31 , +24 , +17 , -15
+500 , +24 , +17 , -17
-32 , +500 , +500 , +500
-33 , +24 , +17 , -15
-33 , +23 , +18 , -16
-34 , +22 , +18 , +500
+500 , +500 , +500 , -18
-34 , +23 , +18 , -15
-32 , +23 , +18 , -13
-33 , +22 , +18 , -15
+500 , +23 , +500 , +500
-32 , +24 , +18 , -13
+500 , +24 , +18 , -15
+500 , +500 , +18 , +500
+500 , +25 , +18 , -18
+500 , +25 , +500 , +500
-33 , +25 , +18 , -19
-33 , +26 , +18 , -19
+500 , +26 , +18 , -20
+500 , +500 , +18 , +500
-33 , +25 , +18 , -21
-33 , +26 , +18 , -22
-33 , +500 , +500 , +500
-32 , +26 , +18 , -15
-33 , +25 , +18 , -16
-31 , +25 , +18 , -13
+500 , +500 , +500 , -10
-31 , +25 , +18 , -08
+500 , +26 , +18 , -09
+500 , +500 , +17 , +500
+500 , +26 , +500 , +500
+500 , +27 , +17 , -09
+500 , +27 , +17 , -10
+500 , +500 , +17 , +500
+500 , +27 , +17 , -09
-31 , +26 , +18 , -11
-32 , +25 , +18 , -13
-33 , +24 , +18 , +500
+500 , +25 , +18 , -15
-33 , +26 , +18 , -12
-33 , +25 , +18 , -12
-33 , +25 , +18 , -14
+500 , +26 , +18 , -15
-34 , +500 , +500 , +500
-35 , +24 , +18 , -18
+500 , +500 , +500 , -14
-34 , +25 , +18 , -14
-32 , +25 , +18 , -11
-33 , +25 , +18 , +500
+500 , +25 , +500 , +500
+500 , +25 , +18 , -12
-33 , +25 , +18 , -09
+500 , +500 , +18 , +500
+500 , +25 , +18 , -10
-33 , +24 , +18 , -12
-34 , +23 , +18 , +500
-34 , +23 , +18 , -15
-33 , +23 , +18 , -12
-32 , +23 , +18 , -10
-32 , +22 , +19 , -11
-33 , +22 , +19 , -10
-33 , +22 , +19 , -12
-34 , +500 , +18 , +500
-34 , +500 , +500 , +500
-35 , +23 , +19 , -10
+500 , +500 , +500 , -07
+500 , +24 , +18 , -09
-35 , +23 , +19 , -10
+500 , +23 , +18 , -13
+500 , +24 , +500 , +500
+500 , +24 , +18 , -16
-35 , +500 , +18 , +500
+500 , +500 , +18 , +500
-36 , +23 , +18 , -16
-37 , +23 , +18 , -17
-36 , +23 , +18 , -18
-36 , +23 , +18 , -15
+500 , +24 , +18 , -17
+500 , +24 , +18 , -18
-33 , +24 , +18 , -16
-34 , +23 , +18 , -18
-34 , +23 , +18 , -15
-34 , +500 , +500 , +500
+500 , +23 , +500 , +500
+500 , +500 , +500 , -20
-35 , +21 , +19 , -22
-35 , +21 , +19 , -20
+500 , +22 , +500 , +500
-35 , +22 , +19 , -16
-35 , +21 , +19 , -18
+500 , +500 , +19 , +500
-35 , +21 , +19 , -21
-36 , +20 , +19 , -22
-36 , +500 , +500 , +500
+500 , +20 , +19 , -24
-34 , +20 , +19 , -22
-35 , +20 , +19 , +500
-36 , +19 , +19 , -23
-35 , +19 , +19 , -20
-34 , +20 , +19 , -22
-34 , +19 , +19 , +500
+500 , +500 , +19 , +500
-33 , +500 , +500 , +500
-34 , +20 , +19 , -26
-35 , +20 , +19 , +500
+500 , +500 , +500 , -28
-32 , +21 , +19 , -25
+500 , +21 , +500 , +500
-32 , +20 , +19 , -23
-33 , +20 , +19 , -24
+500 , +500 , +20 , +500
-33 , +21 , +19 , -21
-34 , +21 , +19 , -19
-34 , +21 , +19 , -18
-34 , +21 , +19 , -15
-34 , +21 , +19 , -17
-35 , +20 , +19 , +500
+500 , +21 , +19 , -18
-36 , +20 , +20 , -19
-34 , +20 , +19 , -16
-33 , +20 , +19 , -13
-33 , +500 , +500 , +500
-32 , +21 , +19 , -10
+500 , +500 , +19 , +500
+500 , +500 , +500 , -11
-32 , +21 , +19 , -08
+500 , +21 , +500 , +500
-32 , +22 , +19 , -09
-31 , +22 , +19 , -06
+500 , +500 , +19 , +500
+500 , +23 , +18 , -11
-32 , +22 , +19 , -12
-32 , +500 , +19 , +500
-32 , +21 , +19 , -11
+500 , +22 , +500 , +500
+500 , +22 , +18 , -14
-32 , +23 , +18 , -16
-32 , +23 , +18 , -12
-32 , +22 , +18 , -14
-33 , +21 , +19 , -15
-32 , +22 , +18 , -18
-33 , +500 , +500 , +500
-33 , +22 , +18 , -20
+500 , +500 , +500 , -21
-33 , +22 , +18 , -24
+500 , +21 , +500 , +500
-34 , +20 , +19 , -25
-35 , +20 , +19 , -25
+500 , +500 , +19 , +500
-34 , +19 , +19 , -23
-34 , +19 , +19 , -24
-33 , +20 , +19 , -26
+500 , +20 , +19 , -27
-34 , +20 , +19 , -28
-34 , +19 , +19 , -29
+500 , +20 , +19 , -30
-35 , +20 , +19 , -30
-34 , +20 , +19 , -31
-35 , +20 , +19 , -30
-35 , +20 , +19 , -30
-34 , +20 , +19 , -26
-34 , +500 , +500 , +500
-34 , +22 , +18 , -25
+500 , +500 , +500 , -26
-33 , +22 , +18 , -22
+500 , +22 , +500 , +500
-34 , +21 , +19 , -24
+500 , +21 , +19 , -25
+500 , +500 , +19 , +500
-35 , +21 , +19 , -24
+500 , +21 , +19 , -25
-36 , +22 , +19 , -24
-35 , +22 , +19 , -22
+500 , +22 , +500 , +500
-35 , +22 , +19 , -17
-35 , +22 , +19 , -15
-34 , +23 , +18 , -11
-32 , +23 , +18 , -09
-32 , +22 , +19 , -11
+500 , +23 , +19 , -14
-33 , +23 , +500 , +500
-32 , +500 , +500 , +500
-32 , +25 , +18 , -07
+500 , +500 , +500 , -10
-33 , +24 , +19 , -08
+500 , +24 , +500 , +500
+500 , +24 , +18 , -08
-33 , +23 , +18 , -10
+500 , +500 , +18 , +500
-32 , +24 , +18 , -07
-30 , +24 , +18 , -06
-31 , +500 , +500 , +500
+500 , +24 , +18 , +500
-31 , +500 , +19 , +500
+500 , +500 , +18 , +500
+500 , +500 , +18 , +500
+500 , +24 , +18 , -13
-32 , +23 , +18 , -14
-33 , +23 , +19 , -15
-33 , +22 , +19 , -17
-33 , +22 , +19 , +500
-34 , +500 , +500 , +500
-33 , +500 , +19 , -13
+500 , +500 , +500 , -15
-34 , +21 , +19 , +500
+500 , +21 , +500 , +500
-33 , +20 , +19 , -17
-33 , +19 , +20 , -18
+500 , +500 , +19 , +500
-35 , +19 , +19 , -18
+500 , +20 , +19 , -19
-35 , +19 , +20 , -21
+500 , +20 , +20 , -22
-36 , +500 , +500 , +500
-36 , +21 , +19 , -18
-35 , +21 , +19 , -15
-35 , +500 , +500 , +500
-35 , +22 , +19 , -14
+500 , +22 , +19 , -16
-35 , +22 , +19 , -17
-36 , +500 , +500 , +500
-35 , +21 , +19 , -17
+500 , +500 , +500 , -14
-34 , +500 , +500 , +500
+500 , +22 , +500 , +500
-31 , +23 , +19 , -09
-32 , +23 , +19 , +500
+500 , +500 , +19 , +500
+500 , +24 , +500 , +500
+500 , +24 , +19 , -09
-31 , +23 , +19 , -11
-32 , +22 , +19 , -13
-32 , +22 , +19 , -14
-32 , +22 , +19 , -16
-33 , +21 , +19 , -17
-31 , +21 , +19 , -16
-31 , +22 , +500 , +500
-30 , +22 , +19 , -14
-32 , +22 , +19 , -13
-31 , +22 , +19 , -11
-31 , +500 , +500 , +500
-32 , +23 , +19 , -07
+500 , +500 , +500 , -06
-32 , +22 , +19 , -08
+500 , +22 , +500 , +500
-32 , +22 , +19 , -08
-33 , +23 , +19 , -08
+500 , +500 , +19 , +500
-32 , +23 , +19 , -05
-32 , +23 , +19 , -08
+500 , +23 , +19 , -09
-31 , +23 , +19 , -08
-32 , +22 , +19 , -10
+500 , +23 , +19 , -12
+500 , +23 , +18 , -13
-33 , +23 , +19 , -14
-34 , +23 , +19 , -13
-34 , +500 , +500 , +500
+500 , +23 , +19 , -16
+500 , +500 , +500 , -14
-34 , +24 , +500 , +500
+500 , +23 , +500 , +500
-33 , +23 , +18 , -10
-34 , +22 , +19 , -12
+500 , +500 , +19 , +500
-30 , +23 , +19 , -13
-30 , +23 , +19 , -14
+500 , +500 , +19 , -13
+500 , +24 , +18 , -15
-29 , +24 , +18 , -14
+500 , +500 , +18 , +500
-30 , +24 , +18 , -16
-30 , +24 , +18 , -14
+500 , +500 , +18 , +500
-30 , +24 , +18 , -16
-31 , +23 , +19 , -17
+500 , +500 , +19 , +500
+500 , +23 , +19 , -20
-30 , +500 , +500 , +500
+500 , +500 , +500 , -20
+500 , +23 , +19 , -21
+500 , +23 , +500 , +500
-31 , +24 , +19 , -21
-32 , +500 , +19 , +500
+500 , +500 , +19 , +500
-32 , +23 , +19 , +500
-32 , +22 , +19 , -19
-33 , +22 , +19 , -20
-33 , +23 , +19 , -19
-31 , +23 , +19 , -17
-29 , +23 , +19 , -16
-30 , +23 , +19 , -14
-30 , +24 , +19 , -12
+500 , +25 , +500 , +500
+500 , +25 , +19 , -13
+500 , +26 , +18 , -15
-31 , +26 , +18 , -14
-31 , +500 , +500 , +500
+500 , +500 , +500 , -17
-31 , +25 , +18 , -16
+500 , +24 , +500 , +500
-31 , +24 , +18 , -16
-31 , +23 , +19 , -17
+500 , +500 , +19 , +500
-30 , +23 , +19 , -16
-30 , +22 , +19 , -18
+500 , +23 , +19 , -20
+500 , +24 , +19 , -22
-30 , +23 , +19 , -20
-31 , +23 , +19 , -21
-32 , +22 , +19 , -22
-32 , +23 , +19 , -20
-32 , +24 , +19 , -21
-32 , +24 , +19 , -20
-31 , +25 , +18 , -16
-31 , +25 , +18 , -15
-31 , +24 , +19 , -16
-32 , +500 , +500 , +500
+500 , +500 , +500 , -14
-32 , +24 , +19 , -13
+500 , +24 , +500 , +500
-30 , +24 , +19 , -10
+500 , +500 , +21 , +500
+500 , +500 , +21 , +500
-31 , +22 , +21 , -14
-31 , +22 , +21 , -13
-31 , +22 , +21 , -13
-32 , +22 , +21 , -15
-33 , +21 , +21 , -16
-31 , +21 , +21 , -14
-32 , +21 , +21 , -16
+500 , +21 , +21 , -17
-33 , +21 , +21 , -18
-33 , +20 , +21 , -20
+500 , +21 , +21 , -21
+500 , +22 , +21 , -22
-32 , +22 , +20 , -19
-33 , +500 , +500 , +500
+500 , +500 , +500 , -18
+500 , +22 , +19 , -20
+500 , +22 , +500 , +500
-34 , +21 , +19 , -23
-34 , +20 , +19 , -24
+500 , +500 , +19 , +500
-35 , +20 , +19 , +500
+500 , +21 , +19 , -24
-34 , +21 , +19 , -22
-33 , +500 , +18 , +500
-33 , +20 , +18 , -21
-33 , +20 , +18 , -19
-33 , +19 , +18 , -20
-33 , +20 , +18 , -17
-33 , +20 , +18 , -15
+500 , +21 , +17 , -17
-34 , +21 , +17 , -16
-34 , +20 , +17 , -17
-32 , +20 , +17 , -16
-32 , +500 , +500 , +500
+500 , +500 , +500 , -15
+500 , +21 , +16 , -16
+500 , +22 , +500 , +500
+500 , +22 , +15 , +500
+500 , +500 , +15 , +500
-31 , +22 , +15 , -15
-29 , +500 , +500 , +500
+500 , +23 , +14 , -15
-30 , +22 , +14 , +500
+500 , +23 , +14 , -17
-31 , +23 , +15 , -18
-32 , +22 , +15 , -20
-32 , +22 , +15 , -21
-32 , +21 , +15 , -22
-32 , +21 , +15 , -21
-32 , +22 , +15 , -23
-33 , +22 , +15 , -21
+500 , +23 , +15 , -22
-34 , +500 , +500 , +500
+500 , +500 , +500 , -22
+500 , +23 , +15 , -23
+500 , +23 , +500 , +500
-33 , +23 , +15 , -21
+500 , +23 , +14 , -22
+500 , +500 , +15 , +500
+500 , +23 , +15 , -22
-32 , +23 , +15 , -20
-33 , +23 , +14 , -18
+500 , +23 , +14 , -19
-33 , +23 , +15 , -21
-33 , +500 , +15 , -18
-34 , +23 , +15 , -20
-34 , +23 , +15 , -22
-34 , +22 , +16 , -24
-34 , +22 , +16 , +500
-35 , +21 , +16 , -25
-34 , +22 , +16 , -24
-33 , +500 , +500 , +500
+500 , +500 , +500 , -19
-33 , +22 , +500 , +500
+500 , +21 , +500 , +500
+500 , +500 , +16 , +500
-32 , +22 , +16 , -21
+500 , +500 , +16 , +500
-33 , +21 , +17 , -24
-34 , +20 , +18 , -25
-34 , +21 , +17 , -24
-33 , +22 , +17 , -25
+500 , +500 , +17 , +500
+500 , +22 , +17 , -27
-33 , +22 , +16 , -27
-34 , +22 , +17 , -28
+500 , +23 , +16 , -29
-34 , +22 , +16 , -29
+500 , +23 , +16 , -30
-34 , +23 , +15 , -26
-34 , +23 , +15 , -26
+500 , +24 , +15 , +500
-35 , +500 , +500 , -28
-34 , +23 , +16 , -26
+500 , +23 , +500 , +500
-34 , +23 , +16 , -24
+500 , +23 , +16 , -23
+500 , +500 , +16 , +500
-34 , +23 , +16 , -22
-35 , +23 , +16 , -20
+500 , +500 , +500 , -22
-34 , +23 , +15 , -20
-35 , +24 , +15 , -18
-35 , +24 , +15 , -19
-34 , +24 , +15 , -16
+500 , +500 , +500 , -18
-35 , +23 , +15 , -19
+500 , +23 , +15 , -20
+500 , +24 , +15 , -21
-34 , +500 , +500 , +500
-35 , +24 , +15 , -19
-35 , +500 , +500 , -18
+500 , +500 , +15 , +500
+500 , +24 , +500 , +500
-34 , +24 , +14 , -14
-33 , +25 , +14 , -16
+500 , +500 , +14 , +500
-34 , +24 , +500 , -13
-35 , +24 , +14 , -15
+500 , +25 , +14 , -16
-35 , +24 , +15 , +500
-36 , +23 , +15 , -20
-37 , +22 , +16 , -22
-37 , +22 , +16 , -23
+500 , +23 , +16 , -24
-37 , +23 , +15 , -21
+500 , +24 , +15 , -22
-37 , +23 , +15 , +500
-36 , +23 , +15 , -20
+500 , +24 , +15 , -21
-36 , +23 , +15 , -22
-37 , +500 , +500 , -24
+500 , +23 , +15 , -24
+500 , +23 , +500 , +500
-38 , +500 , +500 , -24
-38 , +23 , +15 , -21
+500 , +500 , +14 , +500
-37 , +24 , +14 , -20
-35 , +24 , +14 , -18
-35 , +24 , +14 , -16
-36 , +24 , +14 , -14
-36 , +24 , +14 , -13
-36 , +500 , +500 , -15
-35 , +24 , +14 , -12
-36 , +23 , +15 , -14
+500 , +500 , +14 , -16
-36 , +24 , +14 , -13
-35 , +24 , +14 , -12
+500 , +24 , +14 , -10
-35 , +23 , +15 , -12
+500 , +500 , +500 , -14
-35 , +500 , +500 , +500
+500 , +24 , +500 , +500
-34 , +24 , +14 , -11
+500 , +500 , +14 , +500
-34 , +24 , +14 , -10
-33 , +25 , +14 , -07
-34 , +25 , +14 , -06
-35 , +24 , +15 , -03
+500 , +500 , +14 , +500
-34 , +25 , +14 , -01
-35 , +24 , +15 , -04
-35 , +23 , +15 , -06
-36 , +23 , +16 , -09
+500 , +500 , +500 , -07
-34 , +23 , +15 , -09
-34 , +24 , +15 , -11
-34 , +24 , +16 , -13
-33 , +23 , +15 , -12
+500 , +500 , +500 , -09
-33 , +500 , +500 , +500
+500 , +24 , +500 , +500
-33 , +24 , +15 , -11
+500 , +25 , +15 , -12
+500 , +500 , +15 , +500
-33 , +25 , +15 , -11
-33 , +500 , +15 , -09
+500 , +25 , +15 , -11
-32 , +26 , +14 , -08
-32 , +25 , +15 , -10
+500 , +25 , +15 , -12
+500 , +26 , +14 , -13
-32 , +25 , +15 , -15
-32 , +26 , +15 , -16
-32 , +26 , +14 , -17
-31 , +26 , +14 , -17
+500 , +27 , +14 , -18
-32 , +26 , +15 , -20
+500 , +500 , +500 , -21
-33 , +500 , +500 , +500
+500 , +25 , +500 , +500
-33 , +25 , +15 , -20
-33 , +24 , +15 , -21
+500 , +500 , +15 , +500
+500 , +25 , +15 , -22
+500 , +500 , +500 , -24
-34 , +24 , +16 , -25
+500 , +500 , +500 , -22
-34 , +24 , +15 , -20
-36 , +24 , +15 , -18
-35 , +24 , +15 , -15
+500 , +500 , +500 , -17
-35 , +24 , +16 , -19
-35 , +23 , +16 , -20
-36 , +22 , +17 , -21
+500 , +500 , +17 , +500
-36 , +500 , +500 , -19
-35 , +23 , +17 , -20
-35 , +23 , +17 , +500
-34 , +500 , +500 , -17
+500 , +23 , +500 , +500
-34 , +24 , +16 , -17
+500 , +24 , +16 , -18
+500 , +500 , +17 , +500
-34 , +23 , +17 , -16
+500 , +24 , +16 , -18
