+39 , -38 , -36 , +11
+39 , -38 , -32 , +11
+39 , -37 , -32 , +11
+39 , -37 , -33 , +10
+39 , -37 , -33 , +10
+39 , -37 , -34 , +10
+39 , -38 , -34 , +10
+39 , -39 , -33 , +11
+39 , -38 , -33 , +10
+39 , -38 , -33 , +10
+39 , -38 , -34 , +10
+39 , -38 , -35 , +11
+39 , -38 , -35 , +10
+39 , -38 , -34 , +10
+39 , -38 , -32 , +10
+39 , -39 , -33 , +10
+39 , -39 , -31 , +10
+39 , -39 , -31 , +10
+39 , -38 , -30 , +10
+39 , -38 , -32 , +10
+39 , -39 , -29 , +10
+39 , -38 , -31 , +10
+38 , -39 , -30 , +10
+39 , -39 , -30 , +09
+39 , -38 , -29 , +09
+39 , -38 , -29 , +09
+39 , -38 , -30 , +09
+39 , -38 , -30 , +09
+39 , -39 , -31 , +10
+39 , -39 , -31 , +10
+38 , -39 , -33 , +10
+38 , -39 , -35 , +11
+38 , -40 , -34 , +11
+38 , -40 , -34 , +11
+38 , -40 , -30 , +11
+38 , -39 , -30 , +11
+38 , -39 , -28 , +11
+39 , -39 , -28 , +11
+38 , -39 , -28 , +11
+38 , -40 , -25 , +11
+38 , -40 , -24 , +11
+38 , -39 , -21 , +11
+38 , -39 , -20 , +11
+38 , -39 , -20 , +11
+38 , -40 , -20 , +11
+38 , -39 , -18 , +11
+39 , -39 , -19 , +11
+39 , -40 , -19 , +10
+38 , -39 , -22 , +11
+38 , -40 , -23 , +11
+39 , -42 , -24 , +10
+38 , -42 , -22 , +11
+38 , -41 , -23 , +11
+38 , -41 , -23 , +11
+38 , -41 , -23 , +12
+38 , -41 , -24 , +12
+38 , -41 , -24 , +11
+38 , -41 , -24 , +11
+38 , -40 , -24 , +12
+39 , -40 , -25 , +12
+39 , -40 , -25 , +11
+38 , -40 , -25 , +13
+39 , -39 , -25 , +12
+39 , -39 , -25 , +12
+39 , -39 , -25 , +12
+39 , -39 , -25 , +11
+39 , -39 , -26 , +12
+39 , -39 , -26 , +11
+39 , -39 , -26 , +13
+36 , -38 , -26 , +12
+29 , -39 , -27 , +11
+30 , -39 , -28 , +11
+30 , -39 , -28 , +10
+28 , -39 , -30 , +09
+26 , -39 , -29 , +08
+27 , -39 , -25 , +08
+27 , -40 , -24 , +07
+27 , -39 , -21 , +06
+29 , -39 , -17 , +06
+29 , -39 , -17 , +06
+31 , -39 , -17 , +06
+30 , -39 , -17 , +06
+29 , -39 , -16 , +05
+29 , -39 , -16 , +05
+29 , -39 , -16 , +05
+28 , -39 , -16 , +04
+28 , -39 , -15 , +04
+27 , -40 , -14 , +04
+27 , -39 , -13 , +03
+25 , -39 , -14 , +03
+25 , -38 , -13 , +03
+26 , -38 , -15 , +03
+23 , -38 , -14 , +03
+25 , -37 , -15 , +04
+26 , -36 , -16 , +05
+29 , -36 , -16 , +05
+31 , -36 , -16 , +05
+28 , -36 , -19 , +05
+28 , -36 , -20 , +05
+25 , -36 , -21 , +05
+26 , -36 , -21 , +06
+26 , -36 , -21 , +06
+24 , -36 , -22 , +07
+21 , -35 , -22 , +07
+20 , -35 , -22 , +06
+21 , -35 , -22 , +07
+20 , -35 , -23 , +06
+20 , -37 , -24 , +06
+21 , -37 , -24 , +07
+22 , -37 , -23 , +07
+24 , -36 , -24 , +07
+25 , -36 , -24 , +08
+26 , -36 , -24 , +07
+27 , -36 , -26 , +07
+27 , -36 , -26 , +07
+28 , -35 , -26 , +07
+28 , -36 , -26 , +07
+29 , -36 , -28 , +07
+29 , -36 , -29 , +07
+30 , -36 , -31 , +07
+30 , -36 , -31 , +08
+30 , -36 , -30 , +08
+31 , -35 , -30 , +08
+31 , -36 , -31 , +07
+32 , -36 , -31 , +07
+32 , -36 , -31 , +07
+32 , -36 , -31 , +07
+33 , -36 , -31 , +07
+33 , -36 , -31 , +07
+33 , -36 , -32 , +07
+33 , -36 , -32 , +07
+34 , -36 , -31 , +07
+34 , -36 , -31 , +07
+34 , -36 , -31 , +07
+34 , -35 , -28 , +07
+35 , -37 , -29 , +08
+35 , -37 , -29 , +08
+35 , -38 , -28 , +08
+35 , -38 , -28 , +08
+35 , -37 , -28 , +08
+35 , -37 , -28 , +08
+35 , -38 , -26 , +08
+36 , -38 , -23 , +08
+36 , -38 , -26 , +08
+36 , -38 , -27 , +07
+36 , -39 , -28 , +07
+36 , -39 , -30 , +07
+35 , -38 , -30 , +08
+35 , -38 , -29 , +08
+36 , -38 , -26 , +08
+36 , -38 , -26 , +08
+36 , -38 , -23 , +08
+36 , -38 , -24 , +08
+36 , -38 , -20 , +08
+36 , -39 , -21 , +07
+37 , -39 , -21 , +07
+37 , -39 , -19 , +08
+37 , -39 , -19 , +08
+37 , -39 , -20 , +09
+37 , -39 , -20 , +09
+37 , -39 , -21 , +09
+37 , -40 , -21 , +09
+37 , -41 , -23 , +10
+37 , -41 , -23 , +10
+37 , -40 , -24 , +10
+37 , -40 , -24 , +09
+37 , -39 , -24 , +10
+37 , -39 , -24 , +10
+37 , -39 , -24 , +11
+37 , -38 , -20 , +09
+37 , -38 , -20 , +09
+37 , -39 , -15 , +08
+37 , -39 , -17 , +08
+37 , -38 , -17 , +08
+38 , -38 , -17 , +08
+38 , -37 , -18 , +08
+38 , -38 , -21 , +08
+38 , -37 , -21 , +08
+38 , -37 , -21 , +08
+38 , -38 , -24 , +08
+38 , -38 , -21 , +08
+38 , -37 , -21 , +08
+38 , -37 , -21 , +08
+38 , -37 , -21 , +08
+38 , -37 , -22 , +08
+38 , -37 , -20 , +08
+38 , -37 , -21 , +08
+38 , -38 , -18 , +08
+38 , -38 , -18 , +07
+38 , -38 , -17 , +07
+38 , -38 , -17 , +08
+38 , -38 , -18 , +08
+38 , -38 , -18 , +09
+38 , -38 , -17 , +09
+38 , -38 , -15 , +09
+38 , -38 , -13 , +09
+38 , -38 , -13 , +08
+38 , -38 , -14 , +09
+38 , -38 , -15 , +09
+38 , -38 , -13 , +08
+37 , -39 , -11 , +09
+37 , -38 , -13 , +09
+38 , -39 , -15 , +08
+38 , -39 , -17 , +09
+38 , -39 , -18 , +09
+38 , -40 , -20 , +09
+38 , -40 , -21 , +10
+38 , -40 , -21 , +09
+38 , -40 , -21 , +10
+37 , -40 , -22 , +09
+37 , -40 , -23 , +10
+37 , -40 , -23 , +10
+38 , -41 , -24 , +10
+38 , -41 , -25 , +10
+37 , -41 , -25 , +09
+37 , -40 , -23 , +09
+38 , -40 , -23 , +09
+38 , -40 , -20 , +10
+38 , -40 , -20 , +10
+38 , -40 , -21 , +11
+38 , -40 , -21 , +11
+38 , -41 , -19 , +11
+38 , -40 , -20 , +10
+38 , -40 , -20 , +10
+38 , -40 , -22 , +10
+38 , -41 , -25 , +11
+38 , -40 , -22 , +11
+38 , -40 , -24 , +11
+38 , -40 , -24 , +11
+38 , -41 , -24 , +10
+37 , -40 , -24 , +10
+38 , -40 , -24 , +10
+38 , -39 , -24 , +10
+38 , -41 , -24 , +11
+38 , -41 , -21 , +10
+38 , -41 , -18 , +11
+38 , -41 , -15 , +11
+38 , -41 , -18 , +11
+38 , -41 , -19 , +11
+38 , -40 , -21 , +10
+38 , -40 , -23 , +10
+37 , -40 , -24 , +10
+37 , -41 , -24 , +11
+37 , -41 , -24 , +11
+37 , -40 , -25 , +11
+37 , -40 , -25 , +11
+37 , -40 , -24 , +11
+38 , -39 , -24 , +11
+38 , -39 , -21 , +10
+38 , -39 , -19 , +10
+38 , -39 , -19 , +10
+38 , -39 , -17 , +11
+38 , -38 , -15 , +11
+38 , -38 , -14 , +11
+38 , -39 , -14 , +11
+38 , -40 , -14 , +11
+38 , -39 , -09 , +11
+38 , -39 , -08 , +10
+38 , -39 , -06 , +10
+38 , -39 , -07 , +10
+38 , -39 , -04 , +10
+38 , -39 , -03 , +10
+38 , -39 , -02 , +10
+38 , -39 , -04 , +11
+38 , -39 , -04 , +11
+38 , -38 , -04 , +11
+38 , -38 , -06 , +10
+38 , -38 , -04 , +11
+38 , -39 , -05 , +11
+38 , -39 , -06 , +11
+38 , -39 , -07 , +11
+38 , -39 , -10 , +11
+38 , -39 , -12 , +11
+38 , -38 , -14 , +12
+38 , -37 , -12 , +11
+38 , -37 , -12 , +11
+38 , -37 , -12 , +11
+38 , -37 , -13 , +11
+38 , -37 , -13 , +11
+38 , -37 , -16 , +11
+38 , -37 , -14 , +11
+38 , -36 , -12 , +11
+38 , -36 , -12 , +11
+38 , -36 , -11 , +11
+38 , -37 , -09 , +10
+38 , -37 , -09 , +10
+38 , -37 , -08 , +10
+38 , -37 , -06 , +10
+38 , -36 , -04 , +10
+38 , -36 , -01 , +10
+38 , -36 , -02 , +10
+38 , -37 , -03 , +10
+38 , -37 , -04 , +10
+38 , -38 , -08 , +10
+38 , -37 , -06 , +10
+38 , -37 , -05 , +10
+38 , -37 , -06 , +10
+38 , -37 , -09 , +10
+38 , -36 , -10 , +10
+38 , -36 , -10 , +09
+38 , -37 , -11 , +09
+38 , -37 , -11 , +10
+38 , -37 , -12 , +10
+38 , -37 , -12 , +10
+38 , -37 , -15 , +10
+38 , -37 , -14 , +09
+38 , -37 , -16 , +09
+38 , -37 , -17 , +09
+39 , -37 , -17 , +09
+39 , -37 , -17 , +09
+39 , -36 , -13 , +08
+39 , -37 , -15 , +09
+39 , -37 , -12 , +08
+39 , -37 , -10 , +09
+39 , -37 , -11 , +09
+39 , -37 , -12 , +09
+38 , -37 , -15 , +09
+38 , -37 , -15 , +09
+38 , -37 , -16 , +09
+38 , -37 , -18 , +09
+38 , -37 , -19 , +10
+38 , -37 , -20 , +10
+38 , -37 , -21 , +10
+38 , -39 , -19 , +09
+38 , -39 , -20 , +09
+38 , -39 , -20 , +09
+39 , -39 , -22 , +10
+39 , -40 , -25 , +10
+39 , -41 , -22 , +10
+39 , -40 , -23 , +10
+38 , -40 , -25 , +09
+39 , -40 , -27 , +10
+39 , -40 , -28 , +10
+39 , -40 , -28 , +09
+39 , -41 , -28 , +10
+39 , -40 , -29 , +10
+38 , -40 , -29 , +10
+38 , -41 , -30 , +11
+39 , -41 , -31 , +11
+39 , -40 , -30 , +11
+39 , -40 , -28 , +12
+39 , -39 , -26 , +12
+39 , -40 , -26 , +12
+39 , -39 , -18 , +11
+39 , -39 , -19 , +11
+39 , -39 , -20 , +12
+39 , -39 , -21 , +12
+38 , -39 , -21 , +12
+38 , -38 , -21 , +12
+38 , -38 , -22 , +12
+38 , -38 , -22 , +13
+38 , -39 , -19 , +12
+38 , -38 , -17 , +12
+38 , -38 , -15 , +12
+38 , -38 , -15 , +12
+38 , -38 , -18 , +11
+38 , -38 , -18 , +12
+38 , -38 , -18 , +11
+38 , -38 , -19 , +11
+38 , -38 , -20 , +10
+38 , -37 , -21 , +11
+38 , -37 , -21 , +11
+38 , -37 , -21 , +10
+38 , -37 , -19 , +10
+38 , -37 , -17 , +10
+38 , -37 , -18 , +10
+38 , -37 , -16 , +10
+38 , -37 , -16 , +10
+38 , -38 , -17 , +10
+38 , -37 , -19 , +10
+38 , -37 , -17 , +10
+38 , -37 , -17 , +11
+38 , -37 , -16 , +11
+38 , -37 , -18 , +11
+38 , -37 , -18 , +10
+38 , -36 , -18 , +10
+38 , -36 , -18 , +10
+38 , -36 , -18 , +10
+38 , -36 , -18 , +09
+38 , -36 , -18 , +10
+38 , -37 , -18 , +10
+38 , -39 , -20 , +10
+38 , -39 , -20 , +10
+38 , -38 , -20 , +10
+38 , -38 , -20 , +10
+38 , -38 , -21 , +10
+38 , -38 , -22 , +09
+38 , -38 , -23 , +10
+38 , -38 , -23 , +09
+38 , -38 , -23 , +09
+38 , -38 , -20 , +10
+38 , -38 , -22 , +09
+38 , -38 , -22 , +09
+38 , -37 , -21 , +09
+38 , -37 , -21 , +09
+38 , -37 , -19 , +09
+38 , -37 , -20 , +10
+38 , -37 , -20 , +11
+38 , -37 , -20 , +12
+38 , -38 , -20 , +11
+38 , -39 , -20 , +11
+38 , -38 , -17 , +11
+38 , -39 , -17 , +11
+38 , -40 , -18 , +11
+38 , -39 , -16 , +11
+38 , -39 , -17 , +11
+38 , -38 , -18 , +11
+38 , -38 , -18 , +11
+38 , -39 , -20 , +12
+38 , -39 , -17 , +11
+38 , -38 , -17 , +11
+38 , -39 , -17 , +10
+38 , -38 , -20 , +10
+38 , -39 , -19 , +10
+38 , -39 , -19 , +11
+38 , -39 , -16 , +11
+38 , -38 , -17 , +11
+38 , -38 , -17 , +11
+38 , -38 , -17 , +11
+38 , -39 , -19 , +11
+38 , -39 , -18 , +11
+38 , -38 , -15 , +11
+38 , -38 , -15 , +11
+38 , -39 , -15 , +11
+38 , -38 , -16 , +11
+38 , -38 , -18 , +11
+38 , -39 , -18 , +11
+38 , -40 , -18 , +11
+38 , -40 , -19 , +11
+38 , -40 , -16 , +11
+38 , -39 , -16 , +11
+38 , -39 , -17 , +11
+38 , -39 , -18 , +11
+38 , -39 , -18 , +11
+38 , -39 , -21 , +11
+38 , -39 , -20 , +10
+38 , -39 , -21 , +10
+38 , -39 , -21 , +10
+38 , -39 , -22 , +10
+38 , -39 , -19 , +10
+38 , -39 , -20 , +10
+38 , -38 , -21 , +10
+38 , -38 , -22 , +10
+38 , -38 , -22 , +10
+38 , -38 , -22 , +10
+38 , -38 , -22 , +10
+38 , -38 , -22 , +10
+38 , -38 , -23 , +10
+38 , -38 , -23 , +10
+38 , -37 , -23 , +10
+38 , -37 , -24 , +10
+38 , -37 , -24 , +10
+38 , -37 , -24 , +11
+38 , -37 , -24 , +10
+38 , -38 , -24 , +11
+38 , -38 , -24 , +11
+38 , -37 , -24 , +11
+38 , -37 , -25 , +11
+38 , -37 , -25 , +10
+38 , -38 , -25 , +10
+38 , -38 , -27 , +10
+38 , -38 , -27 , +10
+38 , -38 , -26 , +10
+38 , -39 , -26 , +10
+38 , -38 , -26 , +11
+38 , -38 , -28 , +10
+38 , -38 , -28 , +10
+38 , -38 , -27 , +10
+38 , -37 , -28 , +10
+38 , -37 , -28 , +10
+38 , -38 , -28 , +10
+38 , -38 , -26 , +10
+38 , -38 , -26 , +10
+39 , -38 , -25 , +09
+39 , -38 , -25 , +09
+39 , -38 , -25 , +10
+39 , -38 , -26 , +10
+39 , -37 , -26 , +10
+39 , -37 , -24 , +09
+39 , -37 , -24 , +10
+39 , -37 , -24 , +09
+39 , -37 , -25 , +10
+39 , -37 , -24 , +10
+39 , -37 , -25 , +10
+39 , -37 , -25 , +09
+39 , -36 , -25 , +09
+39 , -36 , -25 , +09
+39 , -36 , -25 , +09
+39 , -36 , -25 , +10
+39 , -36 , -21 , +10
+39 , -36 , -22 , +10
+39 , -36 , -21 , +11
+39 , -37 , -21 , +11
+39 , -36 , -21 , +11
+39 , -37 , -22 , +10
+39 , -37 , -22 , +10
+39 , -38 , -23 , +10
+39 , -37 , -24 , +10
+39 , -37 , -24 , +10
+39 , -37 , -19 , +09
+39 , -37 , -20 , +10
+39 , -38 , -19 , +10
+38 , -37 , -20 , +10
+38 , -36 , -21 , +10
+38 , -36 , -21 , +09
+38 , -36 , -21 , +09
+38 , -36 , -21 , +09
+38 , -37 , -22 , +09
+38 , -37 , -22 , +09
+38 , -36 , -22 , +09
+38 , -36 , -22 , +09
+38 , -36 , -19 , +10
+38 , -36 , -19 , +09
+38 , -36 , -20 , +09
+38 , -37 , -20 , +10
+38 , -37 , -20 , +11
+38 , -37 , -20 , +10
+39 , -37 , -21 , +10
+39 , -37 , -21 , +10
+38 , -37 , -22 , +10
+38 , -38 , -22 , +11
+39 , -38 , -20 , +10
+39 , -38 , -20 , +10
+39 , -38 , -20 , +09
+39 , -37 , -22 , +09
+39 , -39 , -22 , +10
+39 , -39 , -23 , +10
+39 , -39 , -20 , +10
+39 , -40 , -20 , +10
+39 , -40 , -20 , +10
+39 , -40 , -20 , +09
+39 , -40 , -21 , +09
+39 , -39 , -22 , +09
+39 , -39 , -23 , +10
+38 , -40 , -21 , +10
+38 , -39 , -22 , +10
+39 , -39 , -23 , +10
+39 , -39 , -24 , +10
+38 , -38 , -21 , +11
+38 , -38 , -21 , +10
+38 , -39 , -22 , +11
+38 , -39 , -19 , +11
+38 , -40 , -19 , +11
+38 , -40 , -20 , +11
+38 , -40 , -20 , +11
+38 , -40 , -21 , +11
+38 , -40 , -21 , +12
+38 , -39 , -23 , +12
+38 , -39 , -24 , +12
+38 , -39 , -21 , +12
+38 , -40 , -21 , +13
+38 , -41 , -23 , +12
+38 , -40 , -17 , +12
+38 , -41 , -19 , +12
+38 , -40 , -19 , +12
+38 , -40 , -19 , +12
+39 , -39 , -20 , +12
+39 , -39 , -22 , +12
+39 , -40 , -25 , +12
+39 , -40 , -26 , +12
+39 , -40 , -27 , +11
+39 , -41 , -28 , +12
+39 , -41 , -27 , +12
+38 , -41 , -27 , +12
+38 , -40 , -27 , +12
+38 , -40 , -26 , +12
+38 , -40 , -27 , +12
+38 , -39 , -28 , +12
+38 , -39 , -29 , +11
+38 , -40 , -28 , +12
+38 , -39 , -29 , +12
+38 , -39 , -30 , +12
+38 , -39 , -28 , +12
+38 , -38 , -28 , +12
+39 , -38 , -26 , +13
+38 , -38 , -25 , +13
+39 , -39 , -25 , +12
+39 , -38 , -26 , +12
+39 , -38 , -26 , +12
+38 , -38 , -26 , +11
+38 , -37 , -23 , +12
+38 , -38 , -23 , +12
+38 , -38 , -23 , +12
+38 , -38 , -24 , +12
+38 , -38 , -21 , +12
+38 , -39 , -24 , +12
+38 , -38 , -24 , +12
+38 , -39 , -25 , +12
+38 , -39 , -25 , +12
+38 , -38 , -25 , +11
+38 , -38 , -26 , +11
+38 , -38 , -26 , +11
+38 , -38 , -27 , +11
+39 , -38 , -24 , +11
+39 , -39 , -25 , +11
+39 , -39 , -26 , +11
+39 , -38 , -25 , +11
+39 , -38 , -21 , +11
+38 , -38 , -21 , +11
+38 , -38 , -19 , +11
+38 , -37 , -19 , +11
+38 , -37 , -19 , +11
+38 , -37 , -19 , +10
+38 , -38 , -20 , +11
+38 , -38 , -19 , +11
+38 , -38 , -19 , +11
+38 , -38 , -19 , +11
+38 , -38 , -19 , +11
+38 , -38 , -17 , +12
+38 , -37 , -18 , +12
+38 , -37 , -18 , +12
+38 , -37 , -19 , +11
+38 , -37 , -19 , +11
+38 , -38 , -20 , +11
+38 , -38 , -21 , +11
+38 , -39 , -21 , +11
+38 , -39 , -21 , +11
+38 , -39 , -20 , +11
+38 , -39 , -20 , +11
+38 , -39 , -20 , +10
+38 , -38 , -21 , +10
+38 , -38 , -21 , +10
+38 , -39 , -20 , +09
+38 , -39 , -20 , +09
+38 , -38 , -19 , +09
+38 , -38 , -13 , +09
+38 , -38 , -13 , +09
+38 , -39 , -13 , +10
+38 , -39 , -14 , +10
+38 , -38 , -14 , +10
+38 , -38 , -10 , +10
+39 , -38 , -11 , +10
+38 , -38 , -11 , +10
+38 , -38 , -11 , +09
+39 , -38 , -11 , +09
+39 , -38 , -12 , +09
+39 , -38 , -13 , +09
+39 , -38 , -13 , +09
+38 , -38 , -13 , +09
+38 , -38 , -14 , +10
+38 , -38 , -12 , +10
+38 , -38 , -12 , +10
+38 , -39 , -12 , +10
+38 , -40 , -11 , +10
+38 , -40 , -11 , +09
+38 , -39 , -12 , +09
+38 , -39 , -13 , +09
+38 , -39 , -13 , +09
+38 , -40 , -12 , +09
+39 , -39 , -12 , +09
+38 , -39 , -10 , +09
+38 , -39 , -06 , +09
+38 , -39 , -04 , +09
+38 , -39 , -05 , +09
+39 , -39 , -04 , +09
+38 , -39 , -05 , +09
+39 , -38 , -07 , +09
+38 , -38 , -05 , +09
+38 , -38 , -06 , +09
+38 , -38 , -06 , +09
+38 , -39 , -10 , +09
+38 , -39 , -08 , +09
+38 , -38 , -06 , +09
+38 , -38 , -07 , +09
+38 , -38 , -08 , +09
+38 , -37 , -06 , +09
+38 , -38 , -07 , +09
+38 , -38 , -02 , +10
+38 , -38 , -05 , +09
+38 , -38 , -07 , +09
+38 , -38 , -06 , +09
+38 , -39 , -03 , +09
+38 , -39 , -04 , +09
+38 , -39 , -05 , +09
+38 , -39 , -07 , +09
+38 , -39 , -09 , +09
+38 , -39 , -08 , +09
+38 , -38 , -09 , +09
+38 , -38 , -07 , +09
+38 , -38 , -03 , +09
+38 , -39 , -02 , +08
+38 , -39 , -03 , +08
+38 , -38 , -02 , +08
+38 , -38 , -03 , +09
+38 , -39 , -04 , +09
+38 , -39 , -05 , +10
+38 , -38 , -06 , +10
+38 , -38 , -06 , +09
+38 , -38 , -08 , +09
+38 , -39 , -05 , +09
+38 , -38 , -05 , +09
+38 , -38 , -06 , +08
+38 , -39 , -04 , +09
+38 , -39 , -03 , +09
+38 , -38 , -04 , +09
+38 , -38 , -03 , +09
+38 , -38 , -05 , +09
+38 , -38 , -04 , +10
+38 , -38 , -06 , +09
+38 , -38 , -04 , +09
+38 , -38 , -05 , +10
+38 , -38 , -06 , +10
+38 , -39 , -05 , +09
+38 , -38 , -06 , +09
+38 , -38 , -06 , +09
+38 , -38 , -07 , +09
+38 , -38 , -07 , +10
+39 , -38 , -07 , +10
+38 , -39 , -07 , +10
+39 , -40 , -08 , +10
+39 , -40 , -09 , +10
+39 , -39 , -10 , +10
+39 , -39 , -10 , +09
+39 , -38 , -11 , +10
+39 , -38 , -13 , +10
+39 , -38 , -14 , +10
+39 , -38 , -16 , +10
+39 , -38 , -17 , +10
+39 , -38 , -18 , +10
+39 , -37 , -19 , +10
+39 , -38 , -19 , +10
+39 , -38 , -19 , +10
+39 , -38 , -18 , +10
+39 , -38 , -19 , +10
+38 , -37 , -19 , +10
+38 , -39 , -19 , +10
+39 , -38 , -20 , +10
+39 , -38 , -20 , +10
+38 , -38 , -20 , +10
+38 , -38 , -21 , +11
+38 , -37 , -22 , +10
+38 , -38 , -22 , +11
+38 , -38 , -22 , +11
+38 , -37 , -22 , +11
+38 , -38 , -23 , +11
+38 , -38 , -23 , +11
+38 , -37 , -24 , +11
+38 , -38 , -24 , +11
+38 , -38 , -24 , +11
+38 , -38 , -24 , +10
+38 , -37 , -24 , +10
+38 , -38 , -24 , +10
+38 , -38 , -24 , +09
+38 , -38 , -25 , +10
+38 , -37 , -25 , +10
+38 , -38 , -24 , +10
+38 , -38 , -25 , +10
+38 , -38 , -25 , +10
+38 , -37 , -25 , +10
+38 , -38 , -24 , +10
+38 , -39 , -25 , +10
+38 , -38 , -26 , +09
+38 , -39 , -25 , +10
+38 , -39 , -25 , +10
+38 , -39 , -25 , +10
+38 , -39 , -25 , +10
+38 , -40 , -26 , +10
+38 , -39 , -26 , +10
+38 , -39 , -26 , +10
+38 , -40 , -27 , +10
+38 , -40 , -28 , +10
+38 , -41 , -29 , +10
+38 , -40 , -29 , +10
+38 , -40 , -29 , +11
+38 , -42 , -29 , +11
+38 , -41 , -30 , +11
+38 , -41 , -29 , +11
+38 , -40 , -29 , +10
+38 , -40 , -30 , +10
+38 , -40 , -30 , +11
+38 , -40 , -31 , +11
+38 , -40 , -30 , +11
+38 , -40 , -31 , +11
+38 , -39 , -30 , +11
+38 , -40 , -30 , +10
+38 , -39 , -30 , +11
+38 , -39 , -30 , +11
+38 , -38 , -29 , +11
+38 , -39 , -29 , +11
+38 , -39 , -29 , +12
+38 , -39 , -30 , +12
+38 , -38 , -29 , +12
+38 , -39 , -29 , +12
+38 , -39 , -29 , +12
+38 , -39 , -29 , +12
+38 , -39 , -28 , +12
+38 , -39 , -28 , +12
+38 , -38 , -27 , +11
+38 , -38 , -28 , +12
+38 , -37 , -27 , +12
+38 , -38 , -28 , +12
+38 , -38 , -27 , +12
+38 , -38 , -27 , +12
+38 , -38 , -28 , +12
+38 , -38 , -28 , +11
+38 , -38 , -28 , +11
+38 , -38 , -28 , +11
+38 , -38 , -27 , +11
+38 , -39 , -27 , +11
+38 , -38 , -27 , +11
+38 , -39 , -27 , +11
+38 , -39 , -28 , +11
+38 , -38 , -27 , +11
+38 , -38 , -27 , +10
+38 , -39 , -28 , +11
+38 , -39 , -28 , +11
+38 , -40 , -29 , +10
+38 , -39 , -28 , +10
+38 , -40 , -28 , +10
+38 , -39 , -29 , +10
+38 , -39 , -29 , +10
+39 , -39 , -29 , +11
+39 , -38 , -28 , +11
+39 , -39 , -28 , +10
+38 , -39 , -29 , +10
+38 , -39 , -29 , +10
+38 , -38 , -29 , +10
+39 , -38 , -29 , +10
+39 , -38 , -28 , +09
+39 , -38 , -28 , +10
+39 , -37 , -27 , +10
+39 , -38 , -27 , +10
+39 , -39 , -27 , +10
+39 , -39 , -28 , +09
+39 , -40 , -28 , +10
+39 , -39 , -27 , +11
+39 , -39 , -27 , +10
+38 , -39 , -27 , +10
+38 , -39 , -27 , +10
+38 , -38 , -26 , +11
+38 , -38 , -27 , +11
+39 , -38 , -27 , +10
+39 , -37 , -27 , +10
+39 , -38 , -27 , +11
+39 , -38 , -27 , +11
+39 , -38 , -27 , +12
+39 , -39 , -28 , +12
+39 , -39 , -28 , +12
+38 , -39 , -27 , +11
+39 , -38 , -27 , +11
+39 , -38 , -27 , +11
+39 , -38 , -27 , +11
+39 , -38 , -28 , +11
+39 , -38 , -28 , +11
+39 , -38 , -29 , +11
+39 , -39 , -28 , +11
+39 , -38 , -29 , +11
+39 , -38 , -29 , +11
+39 , -38 , -29 , +10
+39 , -39 , -29 , +10
+38 , -38 , -28 , +10
+38 , -39 , -28 , +10
+39 , -39 , -28 , +10
+38 , -40 , -28 , +11
+38 , -40 , -28 , +11
+38 , -39 , -28 , +12
+38 , -39 , -27 , +11
+39 , -40 , -27 , +11
+39 , -40 , -27 , +12
+38 , -40 , -28 , +12
+38 , -40 , -28 , +11
+39 , -41 , -28 , +11
+39 , -40 , -29 , +10
+39 , -41 , -30 , +10
+39 , -40 , -29 , +10
+39 , -40 , -29 , +11
+39 , -40 , -29 , +11
+39 , -41 , -31 , +11
+39 , -40 , -31 , +11
+39 , -40 , -31 , +11
+39 , -39 , -30 , +11
+39 , -39 , -31 , +12
+39 , -40 , -31 , +11
+39 , -40 , -30 , +11
+39 , -40 , -30 , +11
+39 , -41 , -32 , +12
+39 , -41 , -32 , +12
+39 , -41 , -32 , +11
+39 , -40 , -32 , +12
+39 , -39 , -31 , +11
+39 , -39 , -31 , +11
+39 , -39 , -31 , +12
+39 , -38 , -34 , +11
+39 , -39 , -34 , +11
+39 , -38 , -35 , +11
+39 , -38 , -35 , +11
+39 , -38 , -34 , +12
+39 , -38 , -33 , +12
+39 , -38 , -33 , +12
+39 , -37 , -33 , +12
+39 , -37 , -33 , +12
+39 , -37 , -33 , +12
+39 , -37 , -33 , +12
+39 , -37 , -32 , +11
+39 , -36 , -33 , +12
+39 , -36 , -32 , +12
+39 , -36 , -31 , +12
+39 , -35 , -31 , +12
+39 , -35 , -30 , +12
+39 , -35 , -29 , +12
+39 , -36 , -29 , +12
+39 , -36 , -29 , +12
+39 , -37 , -28 , +12
+39 , -37 , -28 , +12
+39 , -36 , -27 , +11
+39 , -36 , -27 , +11
+39 , -37 , -27 , +12
+39 , -36 , -28 , +12
+39 , -36 , -27 , +12
+39 , -36 , -27 , +12
+38 , -37 , -27 , +11
+39 , -38 , -27 , +11
+39 , -38 , -27 , +11
+38 , -38 , -28 , +11
+38 , -38 , -27 , +11
+38 , -39 , -27 , +10
+38 , -38 , -26 , +10
+38 , -38 , -26 , +10
+38 , -38 , -26 , +10
+38 , -37 , -25 , +10
+38 , -37 , -26 , +10
+38 , -37 , -26 , +09
+38 , -37 , -27 , +10
+38 , -38 , -28 , +10
+38 , -37 , -28 , +10
+38 , -38 , -28 , +10
+38 , -38 , -28 , +09
+39 , -37 , -29 , +09
+39 , -38 , -28 , +09
+39 , -38 , -28 , +09
+39 , -38 , -28 , +09
+39 , -39 , -29 , +09
+39 , -38 , -28 , +09
+39 , -39 , -28 , +09
+38 , -39 , -29 , +09
+38 , -38 , -28 , +08
+38 , -38 , -25 , +08
+38 , -38 , -26 , +08
+38 , -38 , -26 , +09
+38 , -38 , -26 , +08
+38 , -37 , -26 , +09
+38 , -38 , -26 , +09
+38 , -38 , -27 , +09
+38 , -38 , -28 , +09
+38 , -38 , -27 , +09
+38 , -37 , -28 , +09
+38 , -37 , -28 , +09
+38 , -37 , -27 , +09
+39 , -37 , -28 , +10
+39 , -37 , -28 , +09
+39 , -37 , -27 , +10
+39 , -37 , -27 , +10
+39 , -37 , -27 , +10
+39 , -38 , -27 , +10
+39 , -39 , -28 , +11
+39 , -39 , -28 , +10
+39 , -39 , -28 , +10
+39 , -38 , -27 , +10
+39 , -38 , -27 , +10
+39 , -38 , -27 , +10
+39 , -40 , -27 , +09
+38 , -39 , -27 , +09
+38 , -39 , -27 , +09
+38 , -38 , -27 , +09
+38 , -38 , -27 , +09
+38 , -38 , -29 , +09
+38 , -38 , -28 , +10
+39 , -38 , -29 , +09
+39 , -38 , -26 , +10
+38 , -39 , -26 , +10
+38 , -39 , -26 , +10
+39 , -40 , -27 , +10
+39 , -40 , -27 , +10
+39 , -42 , -26 , +10
+39 , -41 , -26 , +10
+39 , -42 , -23 , +09
+39 , -41 , -23 , +10
+39 , -41 , -24 , +10
+39 , -40 , -25 , +10
+39 , -41 , -25 , +10
+39 , -40 , -26 , +10
+39 , -40 , -27 , +10
+39 , -40 , -27 , +10
+39 , -40 , -28 , +10
+39 , -41 , -28 , +09
+39 , -41 , -29 , +09
+39 , -40 , -28 , +09
+39 , -40 , -26 , +09
+39 , -40 , -23 , +09
+39 , -39 , -23 , +09
+39 , -39 , -24 , +09
+39 , -39 , -24 , +10
+39 , -38 , -24 , +10
+39 , -39 , -24 , +10
+39 , -39 , -25 , +10
+38 , -39 , -28 , +10
+38 , -38 , -28 , +10
+38 , -38 , -28 , +10
+38 , -38 , -26 , +10
+38 , -39 , -26 , +10
+38 , -38 , -26 , +10
+38 , -39 , -25 , +09
+38 , -38 , -25 , +09
+38 , -39 , -26 , +09
+38 , -40 , -26 , +09
+38 , -39 , -23 , +09
+38 , -39 , -24 , +09
+38 , -39 , -24 , +09
+38 , -38 , -24 , +10
+38 , -38 , -24 , +10
+38 , -38 , -24 , +11
+38 , -38 , -24 , +11
+38 , -37 , -27 , +12
+38 , -38 , -27 , +11
+38 , -38 , -27 , +11
+39 , -37 , -27 , +11
+38 , -37 , -28 , +11
+38 , -37 , -28 , +11
+38 , -37 , -27 , +10
+38 , -37 , -27 , +10
+38 , -36 , -28 , +10
+38 , -36 , -27 , +10
+38 , -36 , -27 , +10
+38 , -36 , -27 , +10
+38 , -36 , -27 , +10
+38 , -36 , -27 , +10
+38 , -36 , -27 , +10
+38 , -36 , -27 , +10
+38 , -37 , -26 , +09
+39 , -37 , -26 , +10
+39 , -37 , -25 , +09
+39 , -37 , -25 , +10
+39 , -37 , -25 , +10
+39 , -38 , -25 , +09
+38 , -38 , -25 , +10
+38 , -38 , -25 , +09
+38 , -38 , -25 , +09
+38 , -39 , -25 , +09
+38 , -39 , -25 , +09
+38 , -39 , -26 , +09
+38 , -39 , -26 , +10
+38 , -40 , -27 , +10
+38 , -39 , -26 , +11
+38 , -39 , -26 , +12
+38 , -39 , -26 , +11
+38 , -39 , -26 , +12
+38 , -39 , -26 , +12
+38 , -39 , -26 , +12
+38 , -39 , -26 , +11
+38 , -38 , -26 , +11
+38 , -38 , -27 , +11
+38 , -38 , -27 , +11
+38 , -38 , -27 , +10
+38 , -38 , -27 , +10
+38 , -39 , -27 , +11
+39 , -39 , -27 , +11
+39 , -38 , -28 , +11
+39 , -38 , -28 , +11
+39 , -39 , -28 , +10
+39 , -38 , -28 , +11
+38 , -38 , -28 , +10
+39 , -39 , -28 , +10
+39 , -40 , -27 , +10
+39 , -39 , -27 , +09
+39 , -39 , -26 , +09
+38 , -39 , -26 , +10
+39 , -40 , -26 , +10
+38 , -39 , -27 , +09
+38 , -39 , -27 , +09
+38 , -39 , -27 , +09
+38 , -40 , -26 , +10
+38 , -40 , -27 , +10
+38 , -40 , -26 , +10
+38 , -40 , -27 , +10
+38 , -39 , -28 , +11
+38 , -39 , -27 , +12
+38 , -40 , -27 , +11
+38 , -39 , -27 , +12
+38 , -40 , -27 , +12
+38 , -39 , -27 , +12
+38 , -39 , -26 , +12
+38 , -39 , -26 , +12
+38 , -40 , -27 , +13
+38 , -39 , -28 , +13
+38 , -39 , -28 , +12
+38 , -38 , -28 , +12
+38 , -39 , -28 , +12
+38 , -39 , -28 , +12
+38 , -39 , -27 , +12
+38 , -39 , -27 , +12
+38 , -39 , -28 , +12
+39 , -38 , -28 , +11
+38 , -38 , -27 , +11
+39 , -38 , -27 , +11
+39 , -37 , -27 , +11
+39 , -37 , -27 , +11
+39 , -38 , -27 , +11
+39 , -39 , -26 , +12
+39 , -38 , -26 , +12
+39 , -38 , -28 , +12
+39 , -38 , -28 , +12
+39 , -39 , -27 , +11
+39 , -39 , -27 , +11
+39 , -40 , -28 , +12
+39 , -40 , -28 , +11
+39 , -40 , -28 , +11
+39 , -41 , -28 , +11
+39 , -41 , -27 , +12
+38 , -40 , -27 , +12
+38 , -40 , -27 , +12
+38 , -39 , -28 , +12
+38 , -40 , -29 , +12
+38 , -40 , -28 , +12
+38 , -40 , -28 , +12
+38 , -40 , -30 , +12
+38 , -40 , -30 , +12
+38 , -41 , -31 , +12
+38 , -40 , -32 , +12
+39 , -40 , -32 , +12
+39 , -40 , -31 , +12
