305.93 , 322.92 , 221.51 , 271.27
305.93 , 322.92 , 221.51 , 271.27
229.16 , 275.16 , 228.00 , 269.71
305.93 , 322.92 , 221.51 , 271.27
287.08 , 309.64 , 221.84 , 270.62
279.79 , 305.18 , 222.88 , 269.96
350.57 , 352.18 , 220.09 , 272.55
228.10 , 270.08 , 226.66 , 265.88
231.88 , 264.36 , 230.60 , 261.71
228.22 , 264.04 , 226.90 , 260.78
229.32 , 269.08 , 228.14 , 264.67
230.29 , 274.16 , 229.49 , 268.53
229.16 , 275.16 , 228.00 , 269.71
230.29 , 274.16 , 229.49 , 268.53
231.12 , 279.31 , 230.94 , 272.34
230.29 , 274.16 , 229.49 , 268.53
230.29 , 274.16 , 229.49 , 268.53
230.29 , 274.16 , 229.49 , 268.53
229.32 , 269.08 , 228.14 , 264.67
225.80 , 262.72 , 224.77 , 258.59
230.52 , 268.08 , 229.62 , 263.49
227.47 , 273.02 , 227.41 , 266.35
226.70 , 267.84 , 226.04 , 262.49
227.47 , 273.02 , 227.41 , 266.35
227.47 , 273.02 , 227.41 , 266.35
228.09 , 278.26 , 228.90 , 270.16
228.09 , 278.26 , 228.90 , 270.16
228.58 , 283.58 , 230.49 , 273.93
228.09 , 278.26 , 228.90 , 270.16
228.09 , 278.26 , 228.90 , 270.16
228.09 , 278.26 , 228.90 , 270.16
228.58 , 283.58 , 230.49 , 273.93
228.58 , 283.58 , 230.49 , 273.93
228.03 , 289.96 , 230.63 , 278.78
228.03 , 289.96 , 230.63 , 278.78
231.59 , 278.92 , 235.64 , 271.38
232.29 , 282.76 , 238.20 , 274.00
274.94 , 275.92 , 296.28 , 287.99
269.24 , 273.13 , 288.06 , 283.83
269.24 , 273.13 , 288.06 , 283.83
269.24 , 273.13 , 288.06 , 283.83
262.33 , 273.77 , 276.26 , 281.35
272.96 , 281.30 , 275.12 , 282.52
272.96 , 281.30 , 275.12 , 282.52
277.44 , 287.56 , 271.16 , 284.13
262.39 , 276.82 , 264.87 , 278.17
262.39 , 276.82 , 264.87 , 278.17
232.78 , 271.47 , 234.26 , 267.11
228.96 , 270.71 , 233.28 , 267.78
232.78 , 271.47 , 234.26 , 267.11
231.50 , 267.88 , 232.02 , 264.37
238.76 , 276.09 , 229.93 , 267.32
234.53 , 271.65 , 231.01 , 265.86
234.53 , 271.65 , 231.01 , 265.86
237.50 , 272.14 , 232.02 , 265.20
236.08 , 268.53 , 229.88 , 262.38
233.11 , 268.04 , 228.86 , 263.05
233.11 , 268.04 , 228.86 , 263.05
234.53 , 271.65 , 231.01 , 265.86
223.32 , 263.42 , 225.28 , 261.22
226.63 , 267.17 , 224.26 , 262.64
228.51 , 267.78 , 228.50 , 263.29
227.63 , 268.12 , 231.73 , 264.52
227.34 , 268.79 , 234.99 , 265.63
230.72 , 275.15 , 233.16 , 268.72
232.71 , 275.25 , 229.77 , 267.51
225.86 , 270.69 , 229.76 , 266.70
240.00 , 279.77 , 232.17 , 270.13
241.09 , 283.49 , 234.50 , 272.90
236.89 , 278.97 , 235.58 , 271.37
226.89 , 274.40 , 232.15 , 269.39
234.80 , 282.95 , 230.04 , 272.40
246.90 , 288.96 , 233.36 , 274.41
254.98 , 295.77 , 232.16 , 275.90
230.07 , 280.29 , 229.45 , 273.50
231.12 , 279.31 , 230.94 , 272.34
230.29 , 274.16 , 229.49 , 268.53
231.12 , 279.31 , 230.94 , 272.34
230.07 , 280.29 , 229.45 , 273.50
231.81 , 284.52 , 232.50 , 276.11
231.81 , 284.52 , 232.50 , 276.11
226.33 , 274.02 , 225.85 , 267.54
229.16 , 275.16 , 228.00 , 269.71
224.24 , 269.88 , 222.91 , 264.93
225.18 , 275.03 , 224.28 , 268.76
251.41 , 284.46 , 225.45 , 267.27
252.09 , 284.05 , 226.49 , 266.63
252.09 , 284.05 , 226.49 , 266.63
246.45 , 281.56 , 229.82 , 268.12
275.02 , 302.01 , 223.93 , 269.33
262.93 , 293.18 , 224.19 , 268.63
252.09 , 284.05 , 226.49 , 266.63
252.09 , 284.05 , 226.49 , 266.63
261.65 , 291.83 , 225.24 , 267.99
293.05 , 312.24 , 220.53 , 267.58
278.37 , 301.40 , 220.83 , 266.96
272.14 , 301.84 , 220.42 , 268.09
270.81 , 298.00 , 218.34 , 265.08
224.49 , 263.75 , 223.21 , 259.82
224.24 , 269.88 , 222.91 , 264.93
223.15 , 264.78 , 221.66 , 261.07
259.88 , 285.71 , 220.20 , 262.67
228.22 , 264.04 , 226.90 , 260.78
270.81 , 298.00 , 218.34 , 265.08
290.25 , 312.01 , 216.98 , 266.33
291.54 , 315.89 , 219.06 , 269.38
293.05 , 312.24 , 220.53 , 267.58
271.69 , 299.57 , 225.00 , 268.72
260.20 , 288.08 , 223.20 , 265.01
247.10 , 280.55 , 219.80 , 263.16
275.56 , 301.19 , 217.23 , 265.74
300.30 , 315.03 , 213.88 , 263.93
274.08 , 297.37 , 215.25 , 262.71
346.41 , 348.10 , 214.45 , 268.21
435.90 , 402.18 , 211.00 , 266.26
375.25 , 371.29 , 219.70 , 273.18
229.32 , 269.08 , 228.14 , 264.67
229.32 , 269.08 , 228.14 , 264.67
229.32 , 269.08 , 228.14 , 264.67
229.32 , 269.08 , 228.14 , 264.67
229.32 , 269.08 , 228.14 , 264.67
229.32 , 269.08 , 228.14 , 264.67
229.32 , 269.08 , 228.14 , 264.67
229.32 , 269.08 , 228.14 , 264.67
231.40 , 273.17 , 230.97 , 267.36
226.33 , 274.02 , 225.85 , 267.54
226.33 , 274.02 , 225.85 , 267.54
226.33 , 274.02 , 225.85 , 267.54
225.18 , 275.03 , 224.28 , 268.76
224.24 , 269.88 , 222.91 , 264.93
223.15 , 264.78 , 221.66 , 261.07
221.78 , 265.81 , 220.11 , 262.34
221.91 , 259.72 , 220.53 , 257.17
223.15 , 264.78 , 221.66 , 261.07
226.90 , 265.05 , 225.43 , 262.00
243.25 , 277.77 , 226.65 , 265.89
243.25 , 277.77 , 226.65 , 265.89
261.48 , 289.44 , 222.14 , 265.66
249.92 , 280.75 , 223.40 , 264.34
249.92 , 280.75 , 223.40 , 264.34
278.37 , 301.40 , 220.83 , 266.96
250.60 , 280.34 , 224.45 , 263.68
304.55 , 319.10 , 219.46 , 268.23
226.90 , 265.05 , 225.43 , 262.00
228.10 , 270.08 , 226.66 , 265.88
228.10 , 270.08 , 226.66 , 265.88
228.22 , 264.04 , 226.90 , 260.78
229.32 , 269.08 , 228.14 , 264.67
230.52 , 268.08 , 229.62 , 263.49
230.52 , 268.08 , 229.62 , 263.49
230.52 , 268.08 , 229.62 , 263.49
229.32 , 269.08 , 228.14 , 264.67
261.65 , 291.83 , 225.24 , 267.99
294.42 , 316.06 , 222.57 , 270.64
262.93 , 293.18 , 224.19 , 268.63
261.92 , 294.71 , 219.55 , 268.10
287.08 , 309.64 , 221.84 , 270.62
350.57 , 352.18 , 220.09 , 272.55
279.79 , 305.18 , 222.88 , 269.96
261.48 , 289.44 , 222.14 , 265.66
249.92 , 280.75 , 223.40 , 264.34
262.93 , 293.18 , 224.19 , 268.63
251.41 , 284.46 , 225.45 , 267.27
264.23 , 296.96 , 226.33 , 271.58
252.09 , 284.05 , 226.49 , 266.63
245.08 , 277.87 , 227.68 , 265.24
275.02 , 302.01 , 223.93 , 269.33
294.42 , 316.06 , 222.57 , 270.64
282.69 , 307.22 , 218.12 , 265.70
285.47 , 307.46 , 221.62 , 266.96
275.02 , 302.01 , 223.93 , 269.33
273.60 , 298.22 , 221.89 , 266.31
304.55 , 319.10 , 219.46 , 268.23
304.55 , 319.10 , 219.46 , 268.23
279.79 , 305.18 , 222.88 , 269.96
275.02 , 302.01 , 223.93 , 269.33
264.25 , 289.66 , 225.75 , 266.84
262.95 , 288.32 , 226.75 , 266.20
262.95 , 288.32 , 226.75 , 266.20
279.79 , 305.18 , 222.88 , 269.96
228.22 , 264.04 , 226.90 , 260.78
229.32 , 269.08 , 228.14 , 264.67
260.20 , 288.08 , 223.20 , 265.01
260.20 , 288.08 , 223.20 , 265.01
249.92 , 280.75 , 223.40 , 264.34
249.92 , 280.75 , 223.40 , 264.34
249.92 , 280.75 , 223.40 , 264.34
226.90 , 265.05 , 225.43 , 262.00
226.90 , 265.05 , 225.43 , 262.00
226.97 , 259.04 , 225.78 , 256.85
226.90 , 265.05 , 225.43 , 262.00
226.90 , 265.05 , 225.43 , 262.00
229.32 , 269.08 , 228.14 , 264.67
229.32 , 269.08 , 228.14 , 264.67
231.90 , 270.31 , 230.41 , 266.79
226.90 , 265.05 , 225.43 , 262.00
226.90 , 265.05 , 225.43 , 262.00
226.90 , 265.05 , 225.43 , 262.00
228.22 , 264.04 , 226.90 , 260.78
228.10 , 270.08 , 226.66 , 265.88
226.90 , 265.05 , 225.43 , 262.00
226.90 , 265.05 , 225.43 , 262.00
226.90 , 265.05 , 225.43 , 262.00
226.90 , 265.05 , 225.43 , 262.00
228.22 , 264.04 , 226.90 , 260.78
228.22 , 264.04 , 226.90 , 260.78
226.90 , 265.05 , 225.43 , 262.00
226.90 , 265.05 , 225.43 , 262.00
228.10 , 270.08 , 226.66 , 265.88
226.90 , 265.05 , 225.43 , 262.00
225.56 , 266.07 , 223.96 , 263.24
225.56 , 266.07 , 223.96 , 263.24
226.90 , 265.05 , 225.43 , 262.00
226.90 , 265.05 , 225.43 , 262.00
261.48 , 289.44 , 222.14 , 265.66
226.90 , 265.05 , 225.43 , 262.00
226.90 , 265.05 , 225.43 , 262.00
250.60 , 280.34 , 224.45 , 263.68
249.92 , 280.75 , 223.40 , 264.34
260.20 , 288.08 , 223.20 , 265.01
260.20 , 288.08 , 223.20 , 265.01
260.20 , 288.08 , 223.20 , 265.01
323.01 , 333.02 , 219.12 , 268.83
304.55 , 319.10 , 219.46 , 268.23
304.55 , 319.10 , 219.46 , 268.23
226.90 , 265.05 , 225.43 , 262.00
322.39 , 326.33 , 216.47 , 265.84
230.59 , 265.35 , 229.20 , 262.90
230.59 , 265.35 , 229.20 , 262.90
230.59 , 265.35 , 229.20 , 262.90
226.90 , 265.05 , 225.43 , 262.00
230.59 , 265.35 , 229.20 , 262.90
229.15 , 260.43 , 228.11 , 258.98
229.15 , 260.43 , 228.11 , 258.98
230.59 , 265.35 , 229.20 , 262.90
230.59 , 265.35 , 229.20 , 262.90
230.59 , 265.35 , 229.20 , 262.90
230.59 , 265.35 , 229.20 , 262.90
230.59 , 265.35 , 229.20 , 262.90
231.88 , 264.36 , 230.60 , 261.71
231.88 , 264.36 , 230.60 , 261.71
230.59 , 265.35 , 229.20 , 262.90
230.59 , 265.35 , 229.20 , 262.90
231.88 , 264.36 , 230.60 , 261.71
228.10 , 270.08 , 226.66 , 265.88
228.22 , 264.04 , 226.90 , 260.78
228.22 , 264.04 , 226.90 , 260.78
228.22 , 264.04 , 226.90 , 260.78
229.32 , 269.08 , 228.14 , 264.67
230.29 , 274.16 , 229.49 , 268.53
230.29 , 274.16 , 229.49 , 268.53
231.40 , 273.17 , 230.97 , 267.36
230.29 , 274.16 , 229.49 , 268.53
230.52 , 268.08 , 229.62 , 263.49
230.29 , 274.16 , 229.49 , 268.53
229.32 , 269.08 , 228.14 , 264.67
224.49 , 263.75 , 223.21 , 259.82
224.49 , 263.75 , 223.21 , 259.82
226.97 , 259.04 , 225.78 , 256.85
224.49 , 263.75 , 223.21 , 259.82
224.49 , 263.75 , 223.21 , 259.82
237.03 , 272.64 , 225.30 , 262.68
239.91 , 272.80 , 228.81 , 263.82
235.81 , 268.82 , 225.75 , 261.61
238.35 , 269.18 , 226.78 , 260.94
235.81 , 268.82 , 225.75 , 261.61
238.35 , 269.18 , 226.78 , 260.94
239.91 , 272.80 , 228.81 , 263.82
239.91 , 272.80 , 228.81 , 263.82
246.61 , 277.83 , 228.73 , 264.60
246.61 , 277.83 , 228.73 , 264.60
260.76 , 290.66 , 226.30 , 267.37
271.69 , 299.57 , 225.00 , 268.72
261.65 , 291.83 , 225.24 , 267.99
228.22 , 264.04 , 226.90 , 260.78
228.22 , 264.04 , 226.90 , 260.78
225.56 , 260.06 , 224.32 , 258.09
249.12 , 281.11 , 222.38 , 265.01
251.41 , 284.46 , 225.45 , 267.27
252.74 , 288.19 , 227.59 , 270.18
252.74 , 288.19 , 227.59 , 270.18
284.08 , 294.22 , 259.36 , 280.60
300.26 , 306.65 , 245.14 , 276.87
277.35 , 304.16 , 227.02 , 274.70
249.60 , 285.07 , 223.44 , 268.62
364.28 , 355.44 , 219.45 , 272.59
287.08 , 309.64 , 221.84 , 270.62
285.67 , 305.85 , 219.79 , 267.63
350.57 , 352.18 , 220.09 , 272.55
350.57 , 352.18 , 220.09 , 272.55
403.28 , 382.14 , 219.04 , 273.19
305.93 , 322.92 , 221.51 , 271.27
404.48 , 386.03 , 221.19 , 276.23
641.41 , 529.73 , 219.71 , 277.51
233.06 , 275.31 , 231.72 , 270.64
230.79 , 277.27 , 228.90 , 273.00
228.01 , 276.15 , 226.51 , 270.91
-766.37 , -288.21 , 220.92 , 281.19
405.56 , 389.96 , 223.43 , 279.24
404.48 , 386.03 , 221.19 , 276.23
351.77 , 356.06 , 222.23 , 275.60
350.57 , 352.18 , 220.09 , 272.55
351.77 , 356.06 , 222.23 , 275.60
307.17 , 326.78 , 223.65 , 274.29
717.76 , 587.45 , 219.25 , 278.14
351.77 , 356.06 , 222.23 , 275.60
404.48 , 386.03 , 221.19 , 276.23
325.29 , 333.96 , 220.47 , 271.92
287.08 , 309.64 , 221.84 , 270.62
226.86 , 271.09 , 225.17 , 267.10
229.16 , 275.16 , 228.00 , 269.71
228.01 , 276.15 , 226.51 , 270.91
224.00 , 276.05 , 222.71 , 269.99
228.01 , 276.15 , 226.51 , 270.91
224.87 , 281.25 , 224.18 , 273.75
224.00 , 276.05 , 222.71 , 269.99
224.00 , 276.05 , 222.71 , 269.99
224.00 , 276.05 , 222.71 , 269.99
224.00 , 276.05 , 222.71 , 269.99
224.00 , 276.05 , 222.71 , 269.99
225.18 , 275.03 , 224.28 , 268.76
224.00 , 276.05 , 222.71 , 269.99
225.97 , 280.25 , 225.76 , 272.53
225.97 , 280.25 , 225.76 , 272.53
225.97 , 280.25 , 225.76 , 272.53
225.97 , 280.25 , 225.76 , 272.53
225.97 , 280.25 , 225.76 , 272.53
225.97 , 280.25 , 225.76 , 272.53
225.97 , 280.25 , 225.76 , 272.53
263.14 , 298.54 , 221.74 , 271.03
263.14 , 298.54 , 221.74 , 271.03
285.35 , 313.37 , 220.42 , 272.37
279.14 , 313.27 , 213.30 , 269.88
342.61 , 355.85 , 211.69 , 271.73
215.71 , 275.92 , 215.13 , 268.06
215.71 , 275.92 , 215.13 , 268.06
214.94 , 270.60 , 213.71 , 264.28
214.94 , 270.60 , 213.71 , 264.28
217.92 , 265.57 , 216.26 , 261.42
394.90 , 373.96 , 207.69 , 264.54
318.18 , 329.76 , 211.13 , 266.42
313.97 , 325.63 , 205.43 , 262.12
256.22 , 286.89 , 211.80 , 260.98
396.21 , 377.91 , 209.71 , 267.62
342.23 , 343.96 , 208.84 , 263.83
298.86 , 318.70 , 212.27 , 265.73
396.21 , 377.91 , 209.71 , 267.62
-321.29 , -54.50 , 206.82 , 269.16
712.55 , 579.34 , 211.48 , 270.56
437.25 , 406.11 , 212.99 , 269.40
437.25 , 406.11 , 212.99 , 269.40
225.48 , 268.86 , 224.48 , 263.70
229.32 , 269.08 , 228.14 , 264.67
229.32 , 269.08 , 228.14 , 264.67
372.59 , 395.88 , 219.28 , 276.66
342.51 , 367.94 , 224.07 , 276.94
198.39 , 294.10 , 198.19 , 292.70
194.64 , 290.36 , 194.69 , 290.63
197.04 , 288.69 , 197.00 , 288.54
199.50 , 287.00 , 199.30 , 286.42
202.02 , 285.31 , 201.59 , 284.28
202.02 , 285.31 , 201.59 , 284.28
206.10 , 288.86 , 205.09 , 286.08
203.47 , 290.62 , 202.80 , 288.31
204.61 , 283.59 , 203.87 , 282.12
207.27 , 281.86 , 206.13 , 279.94
275.92 , 308.56 , 224.64 , 270.66
288.28 , 315.98 , 221.11 , 268.87
296.68 , 324.75 , 222.09 , 272.53
295.56 , 320.80 , 219.94 , 269.44
306.98 , 331.24 , 220.95 , 273.11
283.99 , 311.10 , 220.19 , 268.76
278.67 , 307.50 , 221.33 , 268.17
279.83 , 311.41 , 223.49 , 271.22
267.61 , 301.27 , 224.83 , 269.88
279.83 , 311.41 , 223.49 , 271.22
285.14 , 315.01 , 222.35 , 271.80
285.14 , 315.01 , 222.35 , 271.80
270.02 , 303.27 , 223.70 , 270.47
268.83 , 299.39 , 221.54 , 267.47
268.83 , 299.39 , 221.54 , 267.47
291.54 , 315.89 , 219.06 , 269.38
321.47 , 336.72 , 217.65 , 270.64
350.39 , 345.75 , 234.73 , 273.33
372.36 , 371.12 , 216.19 , 271.88
532.53 , 458.65 , 235.60 , 279.63
-1350.88 , -676.89 , 238.73 , 285.80
532.53 , 458.65 , 235.60 , 279.63
411.47 , 381.25 , 239.17 , 278.97
377.32 , 356.42 , 240.50 , 278.37
351.95 , 342.25 , 242.61 , 278.22
322.37 , 333.82 , 216.86 , 270.69
438.46 , 410.07 , 215.07 , 272.51
400.36 , 382.00 , 215.44 , 271.94
301.74 , 318.89 , 215.87 , 266.99
276.89 , 305.03 , 219.31 , 268.74
347.67 , 352.02 , 216.53 , 271.28
300.07 , 322.64 , 214.39 , 268.76
304.18 , 326.68 , 220.13 , 273.04
304.18 , 326.68 , 220.13 , 273.04
347.67 , 352.02 , 216.53 , 271.28
636.11 , 521.70 , 211.88 , 270.07
347.67 , 352.02 , 216.53 , 271.28
349.23 , 348.31 , 218.04 , 269.47
346.41 , 348.10 , 214.45 , 268.21
346.41 , 348.10 , 214.45 , 268.21
437.25 , 406.11 , 212.99 , 269.40
399.10 , 378.09 , 213.35 , 268.88
437.25 , 406.11 , 212.99 , 269.40
712.55 , 579.34 , 211.48 , 270.56
712.55 , 579.34 , 211.48 , 270.56
347.76 , 344.47 , 216.10 , 266.37
349.23 , 348.31 , 218.04 , 269.47
634.76 , 517.77 , 209.90 , 266.95
-978.07 , -451.61 , 212.05 , 269.35
636.11 , 521.70 , 211.88 , 270.07
-771.32 , -303.88 , 212.53 , 268.91
437.07 , 398.57 , 212.78 , 264.38
635.95 , 514.15 , 211.72 , 265.07
437.07 , 398.57 , 212.78 , 264.38
437.07 , 398.57 , 212.78 , 264.38
712.46 , 571.73 , 211.26 , 265.49
-1194.78 , -620.69 , 204.29 , 262.00
-400.46 , -123.41 , 202.70 , 262.98
782.80 , 627.67 , 205.43 , 261.31
-1410.31 , -795.59 , 203.85 , 262.29
-400.46 , -123.41 , 202.70 , 262.98
-400.46 , -123.41 , 202.70 , 262.98
-1194.78 , -620.69 , 204.29 , 262.00
471.69 , 427.56 , 208.75 , 263.52
471.69 , 427.56 , 208.75 , 263.52
366.68 , 355.40 , 208.48 , 259.24
317.28 , 325.03 , 211.72 , 261.31
222.06 , 253.65 , 221.03 , 251.95
223.57 , 252.61 , 222.56 , 250.68
225.58 , 254.07 , 224.76 , 252.89
222.06 , 253.65 , 221.03 , 251.95
223.57 , 252.61 , 222.56 , 250.68
223.57 , 252.61 , 222.56 , 250.68
227.07 , 253.06 , 226.21 , 251.64
228.35 , 258.03 , 227.24 , 255.62
228.35 , 258.03 , 227.24 , 255.62
228.35 , 258.03 , 227.24 , 255.62
230.76 , 262.03 , 229.85 , 258.39
229.50 , 263.04 , 228.38 , 259.57
229.50 , 263.04 , 228.38 , 259.57
229.50 , 263.04 , 228.38 , 259.57
270.28 , 295.79 , 222.97 , 265.68
270.28 , 295.79 , 222.97 , 265.68
267.86 , 293.81 , 224.07 , 265.08
258.69 , 285.87 , 225.36 , 263.76
269.27 , 297.59 , 226.10 , 268.13
271.69 , 299.57 , 225.00 , 268.72
259.99 , 295.49 , 223.90 , 269.73
259.99 , 295.49 , 223.90 , 269.73
225.18 , 275.03 , 224.28 , 268.76
225.97 , 280.25 , 225.76 , 272.53
225.18 , 275.03 , 224.28 , 268.76
224.00 , 276.05 , 222.71 , 269.99
222.97 , 270.90 , 221.35 , 266.19
222.97 , 270.90 , 221.35 , 266.19
240.98 , 277.48 , 225.64 , 266.56
238.07 , 276.90 , 224.65 , 267.24
235.13 , 276.77 , 220.99 , 266.12
236.40 , 280.52 , 223.18 , 268.96
239.34 , 281.09 , 224.21 , 268.27
263.14 , 298.54 , 221.74 , 271.03
285.35 , 313.37 , 220.42 , 272.37
224.24 , 269.88 , 222.91 , 264.93
222.97 , 270.90 , 221.35 , 266.19
222.97 , 270.90 , 221.35 , 266.19
222.97 , 270.90 , 221.35 , 266.19
221.67 , 271.93 , 219.78 , 267.46
221.67 , 271.93 , 219.78 , 267.46
220.38 , 266.85 , 218.55 , 263.63
220.38 , 266.85 , 218.55 , 263.63
220.38 , 266.85 , 218.55 , 263.63
222.97 , 270.90 , 221.35 , 266.19
221.78 , 265.81 , 220.11 , 262.34
322.37 , 333.82 , 216.86 , 270.69
399.10 , 378.09 , 213.35 , 268.88
-774.09 , -304.11 , 208.81 , 267.66
-774.09 , -304.11 , 208.81 , 267.66
-69.64 , 109.90 , 205.12 , 269.14
48.27 , 181.23 , 206.63 , 273.76
-242.83 ,  3.69 , 207.29 , 268.78
73.51 , 196.25 , 205.01 , 274.85
87.01 , 201.32 , 201.39 , 272.67
47.01 , 177.23 , 204.65 , 270.60
47.01 , 177.23 , 204.65 , 270.60
72.29 , 192.22 , 203.04 , 271.65
221.10 , 263.16 , 219.97 , 261.91
222.62 , 262.12 , 221.41 , 260.62
222.78 , 268.13 , 221.03 , 265.78
224.19 , 267.10 , 222.49 , 264.50
222.78 , 268.13 , 221.03 , 265.78
222.78 , 268.13 , 221.03 , 265.78
224.19 , 267.10 , 222.49 , 264.50
220.38 , 266.85 , 218.55 , 263.63
220.38 , 266.85 , 218.55 , 263.63
220.43 , 260.76 , 218.99 , 258.46
220.43 , 260.76 , 218.99 , 258.46
222.50 , 256.13 , 221.88 , 255.42
218.92 , 255.73 , 217.99 , 254.54
218.92 , 255.73 , 217.99 , 254.54
218.92 , 255.73 , 217.99 , 254.54
218.92 , 255.73 , 217.99 , 254.54
319.64 , 326.08 , 212.79 , 264.62
281.36 , 301.84 , 214.16 , 263.41
275.56 , 301.19 , 217.23 , 265.74
258.66 , 289.23 , 218.54 , 264.46
247.10 , 280.55 , 219.80 , 263.16
275.56 , 301.19 , 217.23 , 265.74
260.03 , 293.03 , 220.63 , 267.43
276.89 , 305.03 , 219.31 , 268.74
260.03 , 293.03 , 220.63 , 267.43
262.93 , 293.18 , 224.19 , 268.63
279.79 , 305.18 , 222.88 , 269.96
262.93 , 293.18 , 224.19 , 268.63
278.37 , 301.40 , 220.83 , 266.96
261.48 , 289.44 , 222.14 , 265.66
247.10 , 280.55 , 219.80 , 263.16
237.31 , 270.20 , 219.03 , 258.91
239.16 , 270.29 , 220.12 , 258.22
233.91 , 265.30 , 221.26 , 256.89
223.35 , 258.68 , 222.07 , 255.90
223.35 , 258.68 , 222.07 , 255.90
224.49 , 263.75 , 223.21 , 259.82
221.91 , 259.72 , 220.53 , 257.17
223.15 , 264.78 , 221.66 , 261.07
223.15 , 264.78 , 221.66 , 261.07
223.15 , 264.78 , 221.66 , 261.07
220.43 , 260.76 , 218.99 , 258.46
218.92 , 261.81 , 217.46 , 259.77
217.29 , 256.79 , 216.48 , 255.86
224.11 , 261.09 , 222.86 , 259.35
216.96 , 247.28 , 224.95 , 251.09
220.51 , 253.40 , 225.87 , 255.28
220.51 , 253.40 , 225.87 , 255.28
222.35 , 256.87 , 227.80 , 258.07
226.30 , 257.61 , 228.79 , 257.36
225.05 , 260.94 , 227.27 , 259.08
225.62 , 260.58 , 224.24 , 257.72
231.69 , 264.74 , 224.31 , 258.42
232.73 , 261.40 , 225.92 , 256.66
229.76 , 260.91 , 224.89 , 257.35
232.73 , 261.40 , 225.92 , 256.66
232.73 , 261.40 , 225.92 , 256.66
234.49 , 264.96 , 227.85 , 259.53
239.30 , 265.86 , 228.42 , 259.15
236.63 , 265.58 , 224.84 , 258.03
248.28 , 277.07 , 221.46 , 261.37
228.22 , 264.04 , 226.90 , 260.78
223.35 , 258.68 , 222.07 , 255.90
224.76 , 257.65 , 223.61 , 254.65
228.35 , 258.03 , 227.24 , 255.62
228.35 , 258.03 , 227.24 , 255.62
229.50 , 263.04 , 228.38 , 259.57
229.50 , 263.04 , 228.38 , 259.57
228.22 , 264.04 , 226.90 , 260.78
228.22 , 264.04 , 226.90 , 260.78
229.32 , 269.08 , 228.14 , 264.67
228.22 , 264.04 , 226.90 , 260.78
229.32 , 269.08 , 228.14 , 264.67
228.22 , 264.04 , 226.90 , 260.78
245.08 , 277.87 , 227.68 , 265.24
242.04 , 272.99 , 229.86 , 263.18
246.61 , 277.83 , 228.73 , 264.60
238.35 , 269.18 , 226.78 , 260.94
236.63 , 265.58 , 224.84 , 258.03
233.38 , 258.18 , 227.70 , 254.85
248.27 , 269.23 , 223.61 , 255.18
282.99 , 296.44 , 219.68 , 258.86
272.93 , 291.03 , 221.71 , 261.41
288.05 , 300.83 , 215.00 , 258.29
346.14 , 340.63 , 214.25 , 263.25
225.58 , 254.07 , 224.76 , 252.89
225.58 , 254.07 , 224.76 , 252.89
225.56 , 260.06 , 224.32 , 258.09
226.97 , 259.04 , 225.78 , 256.85
226.97 , 259.04 , 225.78 , 256.85
231.88 , 264.36 , 230.60 , 261.71
226.90 , 265.05 , 225.43 , 262.00
228.10 , 270.08 , 226.66 , 265.88
226.90 , 265.05 , 225.43 , 262.00
226.90 , 265.05 , 225.43 , 262.00
308.77 , 323.10 , 225.08 , 272.50
378.07 , 371.47 , 223.22 , 274.46
378.07 , 371.47 , 223.22 , 274.46
328.46 , 340.90 , 226.78 , 276.26
310.10 , 326.89 , 227.19 , 275.52
355.87 , 360.04 , 227.96 , 279.89
328.46 , 340.90 , 226.78 , 276.26
379.33 , 375.34 , 225.32 , 277.57
482.54 , 443.72 , 223.81 , 278.85
482.54 , 443.72 , 223.81 , 278.85
234.26 , 268.34 , 233.22 , 264.46
234.26 , 268.34 , 233.22 , 264.46
234.26 , 268.34 , 233.22 , 264.46
310.11 , 323.86 , 223.72 , 269.48
289.65 , 311.48 , 227.13 , 271.29
272.06 , 297.80 , 229.52 , 269.37
281.51 , 307.69 , 224.75 , 269.45
309.93 , 331.36 , 224.38 , 274.41
478.49 , 439.63 , 218.20 , 274.40
441.36 , 410.22 , 218.63 , 273.80
441.36 , 410.22 , 218.63 , 273.80
717.76 , 587.45 , 219.25 , 278.14
716.62 , 583.49 , 217.11 , 275.01
441.36 , 410.22 , 218.63 , 273.80
-975.42 , -443.76 , 216.04 , 275.65
640.24 , 525.80 , 217.57 , 274.44
640.24 , 525.80 , 217.57 , 274.44
640.24 , 525.80 , 217.57 , 274.44
350.57 , 352.18 , 220.09 , 272.55
325.29 , 333.96 , 220.47 , 271.92
287.08 , 309.64 , 221.84 , 270.62
264.84 , 294.85 , 223.17 , 269.29
287.08 , 309.64 , 221.84 , 270.62
325.29 , 333.96 , 220.47 , 271.92
228.10 , 270.08 , 226.66 , 265.88
230.29 , 274.16 , 229.49 , 268.53
229.32 , 269.08 , 228.14 , 264.67
228.10 , 270.08 , 226.66 , 265.88
229.16 , 275.16 , 228.00 , 269.71
228.10 , 270.08 , 226.66 , 265.88
228.10 , 270.08 , 226.66 , 265.88
230.68 , 271.30 , 229.01 , 267.98
228.10 , 270.08 , 226.66 , 265.88
226.90 , 265.05 , 225.43 , 262.00
230.59 , 265.35 , 229.20 , 262.90
229.28 , 266.35 , 227.81 , 264.11
240.49 , 270.43 , 225.34 , 261.87
235.81 , 268.82 , 225.75 , 261.61
234.09 , 265.22 , 223.81 , 258.72
235.81 , 268.82 , 225.75 , 261.61
235.81 , 268.82 , 225.75 , 261.61
238.58 , 269.04 , 229.35 , 262.72
235.81 , 268.82 , 225.75 , 261.61
232.72 , 268.22 , 224.74 , 262.30
239.46 , 273.82 , 223.59 , 263.67
239.46 , 273.82 , 223.59 , 263.67
240.98 , 277.48 , 225.64 , 266.56
247.68 , 284.67 , 220.82 , 266.77
240.35 , 277.62 , 223.09 , 264.73
248.51 , 284.31 , 221.89 , 266.09
258.66 , 289.23 , 218.54 , 264.46
261.48 , 289.44 , 222.14 , 265.66
264.84 , 294.85 , 223.17 , 269.29
226.86 , 271.09 , 225.17 , 267.10
225.59 , 272.10 , 223.69 , 268.34
229.43 , 272.30 , 227.60 , 269.19
226.86 , 271.09 , 225.17 , 267.10
227.93 , 267.36 , 226.43 , 265.34
224.19 , 267.10 , 222.49 , 264.50
227.93 , 267.36 , 226.43 , 265.34
224.11 , 261.09 , 222.86 , 259.35
224.11 , 261.09 , 222.86 , 259.35
224.11 , 261.09 , 222.86 , 259.35
226.90 , 265.05 , 225.43 , 262.00
228.10 , 270.08 , 226.66 , 265.88
279.79 , 305.18 , 222.88 , 269.96
262.93 , 293.18 , 224.19 , 268.63
323.91 , 330.14 , 218.42 , 268.89
638.94 , 521.90 , 215.52 , 271.34
-39.60 , 127.14 , 213.42 , 277.49
224.19 , 267.10 , 222.49 , 264.50
225.59 , 272.10 , 223.69 , 268.34
225.59 , 272.10 , 223.69 , 268.34
225.59 , 272.10 , 223.69 , 268.34
224.19 , 267.10 , 222.49 , 264.50
225.56 , 266.07 , 223.96 , 263.24
222.62 , 262.12 , 221.41 , 260.62
222.50 , 256.13 , 221.88 , 255.42
220.89 , 257.16 , 220.46 , 256.71
-162.81 , 51.61 , 207.96 , 263.40
555.75 , 455.46 , 210.45 , 261.55
555.75 , 455.46 , 210.45 , 261.55
357.91 , 340.21 , 211.89 , 260.42
292.88 , 301.59 , 213.28 , 259.26
634.24 , 510.28 , 209.98 , 261.92
387.44 , 361.82 , 198.52 , 253.91
389.14 , 365.79 , 200.24 , 257.04
393.44 , 370.03 , 205.78 , 261.44
278.55 , 301.60 , 210.48 , 262.19
316.83 , 325.85 , 209.11 , 263.38
318.18 , 329.76 , 211.13 , 266.42
279.94 , 305.48 , 212.50 , 265.20
279.94 , 305.48 , 212.50 , 265.20
244.71 , 284.55 , 217.21 , 265.59
276.89 , 305.03 , 219.31 , 268.74
284.17 , 309.50 , 218.23 , 269.41
261.92 , 294.71 , 219.55 , 268.10
247.10 , 280.55 , 219.80 , 263.16
258.66 , 289.23 , 218.54 , 264.46
259.88 , 285.71 , 220.20 , 262.67
261.79 , 287.37 , 219.17 , 263.35
259.88 , 285.71 , 220.20 , 262.67
248.28 , 277.07 , 221.46 , 261.37
235.92 , 266.53 , 219.82 , 257.82
238.19 , 266.82 , 220.83 , 257.11
243.81 , 273.08 , 215.96 , 257.22
246.24 , 276.38 , 218.93 , 259.52
246.24 , 276.38 , 218.93 , 259.52
255.01 , 282.90 , 218.80 , 260.13
471.69 , 427.56 , 208.75 , 263.52
435.90 , 402.18 , 211.00 , 266.26
221.91 , 259.72 , 220.53 , 257.17
221.91 , 259.72 , 220.53 , 257.17
221.91 , 259.72 , 220.53 , 257.17
223.15 , 264.78 , 221.66 , 261.07
223.15 , 264.78 , 221.66 , 261.07
223.15 , 264.78 , 221.66 , 261.07
221.78 , 265.81 , 220.11 , 262.34
221.78 , 265.81 , 220.11 , 262.34
221.78 , 265.81 , 220.11 , 262.34
220.43 , 260.76 , 218.99 , 258.46
221.78 , 265.81 , 220.11 , 262.34
399.10 , 378.09 , 213.35 , 268.88
397.71 , 374.19 , 211.37 , 265.80
358.61 , 347.57 , 211.72 , 265.34
415.49 , 377.13 , 218.58 , 267.54
480.43 , 414.85 , 216.41 , 270.28
295.17 , 312.70 , 215.09 , 267.13
320.14 , 326.18 , 214.05 , 267.85
263.54 , 293.12 , 216.41 , 265.86
250.60 , 284.81 , 224.43 , 267.94
225.56 , 266.07 , 223.96 , 263.24
226.86 , 271.09 , 225.17 , 267.10
222.97 , 270.90 , 221.35 , 266.19
400.36 , 382.00 , 215.44 , 271.94
438.46 , 410.07 , 215.07 , 272.51
346.41 , 348.10 , 214.45 , 268.21
276.89 , 305.03 , 219.31 , 268.74
278.37 , 301.40 , 220.83 , 266.96
303.04 , 315.29 , 217.51 , 265.16
276.81 , 297.63 , 218.88 , 263.93
272.04 , 294.46 , 219.94 , 263.27
259.88 , 285.71 , 220.20 , 262.67
259.88 , 285.71 , 220.20 , 262.67
285.67 , 305.85 , 219.79 , 267.63
261.79 , 287.37 , 219.17 , 263.35
263.39 , 291.10 , 221.12 , 266.33
263.39 , 291.10 , 221.12 , 266.33
261.48 , 289.44 , 222.14 , 265.66
248.51 , 284.31 , 221.89 , 266.09
224.24 , 269.88 , 222.91 , 264.93
226.86 , 271.09 , 225.17 , 267.10
234.28 , 271.84 , 226.78 , 265.16
238.76 , 276.09 , 229.93 , 267.32
235.67 , 275.49 , 228.93 , 267.98
234.53 , 271.65 , 231.01 , 265.86
236.08 , 268.53 , 229.88 , 262.38
233.00 , 268.61 , 222.15 , 260.48
240.77 , 273.98 , 222.09 , 261.16
241.73 , 274.11 , 224.60 , 262.98
243.56 , 274.21 , 225.64 , 262.32
243.56 , 274.21 , 225.64 , 262.32
260.20 , 288.08 , 223.20 , 265.01
260.20 , 288.08 , 223.20 , 265.01
250.60 , 280.34 , 224.45 , 263.68
247.80 , 280.12 , 220.90 , 262.49
240.77 , 273.98 , 222.09 , 261.16
240.77 , 273.98 , 222.09 , 261.16
239.16 , 270.29 , 220.12 , 258.22
240.77 , 273.98 , 222.09 , 261.16
237.31 , 270.20 , 219.03 , 258.91
238.91 , 273.90 , 221.01 , 261.83
246.24 , 276.38 , 218.93 , 259.52
223.35 , 258.68 , 222.07 , 255.90
219.66 , 258.34 , 218.36 , 254.93
219.66 , 258.34 , 218.36 , 254.93
223.15 , 264.78 , 221.66 , 261.07
217.92 , 265.57 , 216.26 , 261.42
219.32 , 264.52 , 217.89 , 260.12
220.29 , 269.70 , 219.17 , 263.97
222.97 , 270.90 , 221.35 , 266.19
235.13 , 276.77 , 220.99 , 266.12
228.77 , 274.49 , 224.34 , 267.55
228.77 , 274.49 , 224.34 , 267.55
227.46 , 270.78 , 222.14 , 264.75
219.25 , 266.02 , 219.57 , 262.26
215.71 , 262.26 , 220.60 , 260.88
215.71 , 262.26 , 220.60 , 260.88
213.70 , 264.52 , 218.52 , 263.01
218.67 , 277.00 , 217.25 , 270.33
218.67 , 277.00 , 217.25 , 270.33
218.67 , 277.00 , 217.25 , 270.33
219.90 , 275.97 , 218.92 , 269.04
218.99 , 270.74 , 217.52 , 265.25
222.80 , 277.07 , 221.13 , 271.25
222.80 , 277.07 , 221.13 , 271.25
221.67 , 271.93 , 219.78 , 267.46
221.67 , 271.93 , 219.78 , 267.46
226.83 , 277.16 , 225.01 , 272.14
222.80 , 277.07 , 221.13 , 271.25
222.80 , 277.07 , 221.13 , 271.25
224.87 , 281.25 , 224.18 , 273.75
224.00 , 276.05 , 222.71 , 269.99
224.00 , 276.05 , 222.71 , 269.99
225.18 , 275.03 , 224.28 , 268.76
224.00 , 276.05 , 222.71 , 269.99
222.97 , 270.90 , 221.35 , 266.19
223.15 , 264.78 , 221.66 , 261.07
247.10 , 280.55 , 219.80 , 263.16
246.28 , 280.91 , 218.73 , 263.85
233.74 , 273.44 , 216.29 , 261.38
246.28 , 280.91 , 218.73 , 263.85
246.28 , 280.91 , 218.73 , 263.85
240.87 , 277.22 , 211.97 , 260.48
260.63 , 292.95 , 212.71 , 264.67
260.63 , 292.95 , 212.71 , 264.67
263.54 , 293.12 , 216.41 , 265.86
295.17 , 312.70 , 215.09 , 267.13
321.07 , 329.94 , 214.77 , 267.67
-772.74 , -300.18 , 210.80 , 270.76
222.97 , 270.90 , 221.35 , 266.19
221.78 , 265.81 , 220.11 , 262.34
220.38 , 266.85 , 218.55 , 263.63
218.92 , 261.81 , 217.46 , 259.77
218.92 , 261.81 , 217.46 , 259.77
220.38 , 266.85 , 218.55 , 263.63
221.78 , 265.81 , 220.11 , 262.34
220.38 , 266.85 , 218.55 , 263.63
218.92 , 261.81 , 217.46 , 259.77
222.62 , 262.12 , 221.41 , 260.62
221.78 , 265.81 , 220.11 , 262.34
225.56 , 266.07 , 223.96 , 263.24
225.56 , 266.07 , 223.96 , 263.24
224.19 , 267.10 , 222.49 , 264.50
225.59 , 272.10 , 223.69 , 268.34
225.59 , 272.10 , 223.69 , 268.34
225.56 , 266.07 , 223.96 , 263.24
226.86 , 271.09 , 225.17 , 267.10
225.56 , 266.07 , 223.96 , 263.24
227.72 , 261.43 , 226.73 , 260.21
225.56 , 266.07 , 223.96 , 263.24
226.90 , 265.05 , 225.43 , 262.00
226.90 , 265.05 , 225.43 , 262.00
249.92 , 280.75 , 223.40 , 264.34
275.02 , 302.01 , 223.93 , 269.33
276.29 , 305.82 , 226.07 , 272.33
261.65 , 291.83 , 225.24 , 267.99
260.76 , 290.66 , 226.30 , 267.37
253.42 , 287.78 , 228.62 , 269.55
252.74 , 288.19 , 227.59 , 270.18
262.93 , 293.18 , 224.19 , 268.63
261.48 , 289.44 , 222.14 , 265.66
249.12 , 281.11 , 222.38 , 265.01
264.84 , 294.85 , 223.17 , 269.29
239.46 , 273.82 , 223.59 , 263.67
236.63 , 273.63 , 219.94 , 262.53
236.63 , 273.63 , 219.94 , 262.53
231.36 , 271.70 , 223.17 , 264.04
234.47 , 272.29 , 224.23 , 263.35
231.36 , 271.70 , 223.17 , 264.04
231.36 , 271.70 , 223.17 , 264.04
261.92 , 294.71 , 219.55 , 268.10
282.84 , 305.66 , 216.15 , 266.42
284.17 , 309.50 , 218.23 , 269.41
222.97 , 270.90 , 221.35 , 266.19
226.86 , 271.09 , 225.17 , 267.10
226.86 , 271.09 , 225.17 , 267.10
226.86 , 271.09 , 225.17 , 267.10
226.86 , 271.09 , 225.17 , 267.10
228.10 , 270.08 , 226.66 , 265.88
228.10 , 270.08 , 226.66 , 265.88
225.18 , 275.03 , 224.28 , 268.76
228.10 , 270.08 , 226.66 , 265.88
224.24 , 269.88 , 222.91 , 264.93
224.49 , 263.75 , 223.21 , 259.82
225.48 , 268.86 , 224.48 , 263.70
223.15 , 264.78 , 221.66 , 261.07
347.67 , 352.02 , 216.53 , 271.28
372.36 , 371.12 , 216.19 , 271.88
438.46 , 410.07 , 215.07 , 272.51
346.41 , 348.10 , 214.45 , 268.21
320.21 , 332.80 , 215.57 , 267.55
320.21 , 332.80 , 215.57 , 267.55
371.15 , 367.16 , 214.12 , 268.75
320.21 , 332.80 , 215.57 , 267.55
290.25 , 312.01 , 216.98 , 266.33
288.81 , 308.16 , 215.00 , 263.25
274.08 , 297.37 , 215.25 , 262.71
320.21 , 332.80 , 215.57 , 267.55
287.23 , 304.31 , 213.13 , 260.16
288.81 , 308.16 , 215.00 , 263.25
288.81 , 308.16 , 215.00 , 263.25
288.81 , 308.16 , 215.00 , 263.25
371.15 , 367.16 , 214.12 , 268.75
474.44 , 435.48 , 212.62 , 269.91
-397.65 , -115.38 , 206.36 , 269.53
223.15 , 264.78 , 221.66 , 261.07
224.49 , 263.75 , 223.21 , 259.82
221.91 , 259.72 , 220.53 , 257.17
221.91 , 259.72 , 220.53 , 257.17
221.91 , 259.72 , 220.53 , 257.17
221.91 , 259.72 , 220.53 , 257.17
220.43 , 260.76 , 218.99 , 258.46
220.43 , 260.76 , 218.99 , 258.46
397.71 , 374.19 , 211.37 , 265.80
399.10 , 378.09 , 213.35 , 268.88
557.74 , 466.80 , 212.27 , 269.58
557.74 , 466.80 , 212.27 , 269.58
360.05 , 351.43 , 213.71 , 268.37
321.07 , 329.94 , 214.77 , 267.67
321.07 , 329.94 , 214.77 , 267.67
221.78 , 265.81 , 220.11 , 262.34
221.78 , 265.81 , 220.11 , 262.34
221.78 , 265.81 , 220.11 , 262.34
221.78 , 265.81 , 220.11 , 262.34
282.84 , 305.66 , 216.15 , 266.42
221.78 , 265.81 , 220.11 , 262.34
222.97 , 270.90 , 221.35 , 266.19
284.17 , 309.50 , 218.23 , 269.41
261.92 , 294.71 , 219.55 , 268.10
276.89 , 305.03 , 219.31 , 268.74
284.17 , 309.50 , 218.23 , 269.41
247.68 , 284.67 , 220.82 , 266.77
247.68 , 284.67 , 220.82 , 266.77
278.07 , 308.90 , 221.50 , 271.72
278.07 , 308.90 , 221.50 , 271.72
247.68 , 284.67 , 220.82 , 266.77
247.68 , 284.67 , 220.82 , 266.77
245.55 , 284.17 , 218.33 , 264.90
245.55 , 284.17 , 218.33 , 264.90
247.68 , 284.67 , 220.82 , 266.77
232.13 , 276.67 , 217.33 , 264.98
248.93 , 288.46 , 223.01 , 269.66
239.34 , 281.09 , 224.21 , 268.27
236.40 , 280.52 , 223.18 , 268.96
239.34 , 281.09 , 224.21 , 268.27
231.36 , 271.70 , 223.17 , 264.04
236.40 , 280.52 , 223.18 , 268.96
245.29 , 285.04 , 218.75 , 268.19
236.40 , 280.52 , 223.18 , 268.96
264.91 , 296.92 , 218.50 , 268.80
361.34 , 355.31 , 215.79 , 271.37
362.49 , 359.22 , 217.98 , 274.35
266.13 , 300.75 , 220.69 , 271.71
266.13 , 300.75 , 220.69 , 271.71
272.39 , 307.91 , 221.97 , 275.26
267.20 , 304.62 , 222.99 , 274.58
227.92 , 282.26 , 226.45 , 275.89
249.01 , 292.56 , 224.26 , 273.19
229.91 , 278.23 , 226.63 , 270.33
233.81 , 279.15 , 227.65 , 269.65
224.87 , 281.25 , 224.18 , 273.75
224.00 , 276.05 , 222.71 , 269.99
224.00 , 276.05 , 222.71 , 269.99
224.00 , 276.05 , 222.71 , 269.99
224.00 , 276.05 , 222.71 , 269.99
222.97 , 270.90 , 221.35 , 266.19
221.67 , 271.93 , 219.78 , 267.46
220.34 , 272.97 , 218.21 , 268.76
263.54 , 293.12 , 216.41 , 265.86
268.73 , 296.40 , 215.39 , 266.59
271.61 , 296.57 , 219.14 , 267.74
246.76 , 281.45 , 220.42 , 266.43
266.40 , 293.30 , 220.11 , 267.03
245.26 , 281.18 , 217.69 , 264.57
243.88 , 281.28 , 216.67 , 265.30
231.14 , 275.74 , 219.98 , 266.84
235.13 , 276.77 , 220.99 , 266.12
245.26 , 281.18 , 217.69 , 264.57
247.68 , 284.67 , 220.82 , 266.77
238.06 , 277.34 , 222.03 , 265.42
259.17 , 300.73 , 221.61 , 272.05
279.12 , 312.81 , 223.77 , 274.66
264.21 , 302.41 , 224.03 , 273.92
358.07 , 345.77 , 251.59 , 283.43
323.26 , 322.06 , 254.90 , 282.51
323.26 , 322.06 , 254.90 , 282.51
323.26 , 322.06 , 254.90 , 282.51
285.51 , 294.32 , 261.03 , 280.38
279.26 , 290.97 , 252.01 , 275.43
268.38 , 282.05 , 254.78 , 274.32
240.35 , 277.62 , 223.09 , 264.73
243.25 , 277.77 , 226.65 , 265.89
233.00 , 268.61 , 222.15 , 260.48
241.73 , 274.11 , 224.60 , 262.98
243.56 , 274.21 , 225.64 , 262.32
243.56 , 274.21 , 225.64 , 262.32
258.60 , 284.35 , 221.25 , 262.00
257.40 , 287.86 , 219.65 , 263.80
258.60 , 284.35 , 221.25 , 262.00
273.60 , 298.22 , 221.89 , 266.31
260.20 , 288.08 , 223.20 , 265.01
260.20 , 288.08 , 223.20 , 265.01
228.22 , 264.04 , 226.90 , 260.78
229.32 , 269.08 , 228.14 , 264.67
229.32 , 269.08 , 228.14 , 264.67
229.32 , 269.08 , 228.14 , 264.67
229.32 , 269.08 , 228.14 , 264.67
230.29 , 274.16 , 229.49 , 268.53
255.21 , 291.09 , 231.89 , 271.85
253.42 , 287.78 , 228.62 , 269.55
253.42 , 287.78 , 228.62 , 269.55
254.02 , 287.33 , 229.67 , 268.94
262.07 , 294.43 , 228.43 , 270.35
251.07 , 287.21 , 226.25 , 267.73
