224.25 , 151.59 , 226.50 , 158.42
223.73 , 149.69 , 227.00 , 157.12
221.85 , 151.58 , 224.58 , 157.79
221.94 , 153.53 , 224.45 , 159.21
218.70 , 151.38 , 222.73 , 158.70
222.08 , 155.49 , 224.25 , 160.62
222.08 , 155.49 , 224.25 , 160.62
222.43 , 157.41 , 224.02 , 161.95
219.11 , 151.45 , 222.47 , 158.63
215.44 , 145.43 , 221.05 , 155.38
216.88 , 153.35 , 219.90 , 160.84
219.62 , 153.43 , 222.03 , 159.96
219.69 , 155.36 , 222.00 , 161.37
217.45 , 157.26 , 219.54 , 163.59
216.88 , 153.35 , 219.90 , 160.84
220.08 , 155.38 , 221.61 , 161.32
220.11 , 157.31 , 221.68 , 162.72
219.62 , 153.43 , 222.03 , 159.96
219.04 , 149.52 , 222.51 , 157.22
217.11 , 151.37 , 220.01 , 157.82
219.22 , 153.38 , 222.35 , 160.03
216.49 , 147.41 , 220.63 , 155.10
220.36 , 157.32 , 221.60 , 161.12
222.08 , 155.49 , 224.25 , 160.62
219.93 , 153.43 , 222.05 , 158.38
221.51 , 151.58 , 224.81 , 157.90
219.22 , 153.38 , 222.35 , 160.03
219.11 , 151.45 , 222.47 , 158.63
218.55 , 149.44 , 222.94 , 157.31
218.55 , 149.44 , 222.94 , 157.31
216.49 , 147.41 , 220.63 , 155.10
216.49 , 147.41 , 220.63 , 155.10
216.49 , 147.41 , 220.63 , 155.10
217.20 , 153.28 , 219.88 , 159.20
216.91 , 153.18 , 219.96 , 159.20
216.02 , 147.25 , 220.97 , 155.15
217.94 , 147.39 , 223.44 , 156.01
217.94 , 147.39 , 223.44 , 156.01
221.51 , 151.58 , 224.81 , 157.90
219.54 , 151.45 , 222.39 , 157.04
218.80 , 145.55 , 223.35 , 152.95
219.93 , 153.43 , 222.05 , 158.38
220.06 , 155.37 , 221.83 , 159.77
220.49 , 159.26 , 221.40 , 162.51
220.36 , 157.32 , 221.60 , 161.12
220.06 , 155.37 , 221.83 , 159.77
222.08 , 155.49 , 224.25 , 160.62
219.41 , 149.51 , 222.63 , 155.65
219.54 , 151.45 , 222.39 , 157.04
216.59 , 149.32 , 220.48 , 156.48
216.49 , 147.41 , 220.63 , 155.10
216.49 , 147.41 , 220.63 , 155.10
220.23 , 153.46 , 221.79 , 158.32
220.58 , 155.39 , 221.42 , 159.68
218.01 , 157.27 , 219.22 , 161.94
220.11 , 157.31 , 221.68 , 162.72
222.99 , 159.24 , 223.56 , 163.22
222.67 , 155.41 , 223.78 , 160.44
222.69 , 153.46 , 223.67 , 159.02
223.08 , 155.33 , 223.23 , 160.38
223.26 , 161.10 , 223.32 , 164.58
225.40 , 163.03 , 225.85 , 166.74
339.88 , 162.03 , 339.86 , 162.13
334.14 , 167.77 , 334.21 , 167.88
329.74 , 165.00 , 329.75 , 165.35
325.30 , 159.32 , 325.19 , 159.66
320.85 , 162.20 , 320.85 , 162.77
316.38 , 159.24 , 316.39 , 159.74
313.40 , 162.26 , 313.38 , 162.69
308.74 , 159.24 , 308.80 , 160.24
305.63 , 156.57 , 305.61 , 157.82
302.52 , 158.76 , 302.76 , 159.98
297.77 , 161.27 , 298.09 , 162.85
293.00 , 158.59 , 293.28 , 160.11
291.22 , 156.01 , 291.60 , 158.31
284.52 , 155.15 , 285.28 , 157.87
281.10 , 152.60 , 281.88 , 155.79
274.46 , 153.91 , 275.37 , 156.17
270.90 , 151.38 , 271.93 , 154.17
258.52 , 147.44 , 259.87 , 149.59
256.61 , 156.67 , 257.04 , 157.66
252.66 , 150.75 , 253.66 , 153.06
246.90 , 150.56 , 247.86 , 152.37
246.94 , 148.40 , 247.92 , 150.68
244.68 , 152.61 , 245.68 , 154.74
242.17 , 146.69 , 244.23 , 151.04
240.37 , 148.73 , 242.12 , 151.94
238.53 , 150.72 , 239.90 , 152.77
236.78 , 160.11 , 236.71 , 159.05
234.57 , 158.33 , 234.59 , 158.46
236.87 , 162.67 , 235.91 , 162.35
237.24 , 168.52 , 235.10 , 166.62
232.35 , 158.51 , 232.07 , 159.32
232.01 , 154.38 , 232.93 , 156.39
231.85 , 152.63 , 233.13 , 155.14
231.59 , 148.53 , 233.89 , 152.17
226.98 , 142.20 , 230.23 , 147.64
225.63 , 136.20 , 231.12 , 145.03
227.93 , 130.45 , 234.23 , 139.97
229.27 , 144.11 , 231.74 , 149.63
226.28 , 146.09 , 229.91 , 152.18
228.26 , 148.23 , 231.92 , 154.48
229.61 , 159.74 , 230.39 , 162.68
227.40 , 155.64 , 228.43 , 158.92
225.31 , 161.34 , 225.86 , 163.93
227.91 , 163.67 , 227.47 , 164.73
226.69 , 155.78 , 228.72 , 160.68
226.33 , 153.92 , 228.96 , 159.40
223.82 , 149.86 , 227.25 , 155.84
223.63 , 149.93 , 227.16 , 155.96
220.28 , 145.60 , 225.98 , 153.94
217.31 , 137.48 , 225.18 , 147.64
217.22 , 135.54 , 225.40 , 146.22
214.03 , 129.52 , 223.51 , 142.85
212.68 , 129.28 , 222.13 , 140.55
211.83 , 139.47 , 216.73 , 148.03
213.05 , 137.36 , 220.01 , 147.53
212.19 , 131.35 , 221.16 , 143.49
215.75 , 137.68 , 221.48 , 148.20
211.77 , 133.44 , 220.30 , 146.45
210.72 , 131.17 , 221.42 , 145.20
210.74 , 133.05 , 221.37 , 146.59
213.68 , 139.21 , 222.66 , 151.42
211.41 , 130.82 , 224.86 , 146.19
206.43 , 126.06 , 224.26 , 144.56
206.56 , 127.95 , 224.07 , 145.95
210.22 , 128.41 , 225.95 , 145.05
206.43 , 126.06 , 224.26 , 144.56
206.35 , 124.17 , 224.39 , 143.16
210.10 , 126.50 , 226.16 , 143.63
210.38 , 130.34 , 225.67 , 146.44
213.74 , 128.86 , 227.87 , 144.16
208.67 , 122.09 , 227.59 , 141.12
213.60 , 137.30 , 222.75 , 150.02
209.21 , 134.73 , 221.73 , 149.69
209.34 , 136.62 , 221.56 , 151.07
208.01 , 132.33 , 222.75 , 148.49
214.76 , 145.21 , 221.62 , 155.47
214.92 , 147.13 , 221.41 , 156.84
218.89 , 153.33 , 222.46 , 160.09
220.13 , 161.19 , 221.50 , 165.54
220.37 , 163.15 , 221.20 , 166.92
219.56 , 157.28 , 221.91 , 162.80
220.13 , 161.19 , 221.50 , 165.54
222.26 , 157.47 , 223.99 , 162.03
219.56 , 157.28 , 221.91 , 162.80
221.79 , 159.41 , 224.12 , 165.07
218.55 , 149.44 , 222.94 , 157.31
218.70 , 151.38 , 222.73 , 158.70
219.56 , 157.28 , 221.91 , 162.80
219.56 , 157.28 , 221.91 , 162.80
218.89 , 153.33 , 222.46 , 160.09
218.89 , 153.33 , 222.46 , 160.09
219.13 , 155.30 , 222.12 , 161.46
220.08 , 161.23 , 221.20 , 165.53
220.37 , 163.15 , 221.20 , 166.92
220.37 , 163.15 , 221.20 , 166.92
220.08 , 161.23 , 221.20 , 165.53
220.08 , 161.23 , 221.20 , 165.53
219.79 , 159.25 , 221.59 , 164.17
219.13 , 155.30 , 222.12 , 161.46
222.17 , 157.55 , 223.74 , 162.07
222.74 , 161.46 , 223.25 , 164.79
222.48 , 159.45 , 223.65 , 163.42
221.69 , 153.56 , 224.52 , 159.30
221.94 , 153.53 , 224.45 , 159.21
224.59 , 153.68 , 226.57 , 158.41
224.23 , 151.78 , 226.90 , 157.12
224.23 , 151.78 , 226.90 , 157.12
224.71 , 155.66 , 226.36 , 159.85
224.99 , 157.52 , 226.15 , 161.16
222.92 , 157.43 , 223.80 , 160.33
225.11 , 159.50 , 225.95 , 162.60
225.44 , 163.33 , 225.68 , 165.36
225.44 , 163.33 , 225.68 , 165.36
225.27 , 161.49 , 225.69 , 164.02
225.11 , 159.50 , 225.95 , 162.60
222.26 , 157.47 , 223.99 , 162.03
222.08 , 155.49 , 224.25 , 160.62
224.10 , 149.80 , 227.12 , 155.68
224.23 , 151.78 , 226.90 , 157.12
224.23 , 151.78 , 226.90 , 157.12
224.39 , 153.77 , 226.60 , 158.54
222.41 , 153.62 , 224.23 , 157.66
222.09 , 151.68 , 224.49 , 156.34
222.09 , 151.68 , 224.49 , 156.34
219.10 , 149.44 , 222.77 , 155.72
219.31 , 151.41 , 222.37 , 157.09
221.30 , 145.73 , 225.69 , 152.28
218.10 , 141.54 , 224.20 , 150.28
218.80 , 145.55 , 223.35 , 152.95
218.80 , 145.55 , 223.35 , 152.95
218.23 , 143.48 , 223.92 , 151.67
219.41 , 149.51 , 222.63 , 155.65
221.56 , 143.81 , 225.69 , 150.72
221.63 , 145.76 , 225.50 , 152.14
219.33 , 147.57 , 222.80 , 154.25
217.33 , 147.48 , 220.42 , 153.43
217.33 , 147.48 , 220.42 , 153.43
219.80 , 149.57 , 222.27 , 155.57
220.43 , 149.61 , 222.18 , 153.93
218.15 , 151.50 , 219.42 , 156.14
218.14 , 153.41 , 219.41 , 157.52
220.74 , 151.55 , 221.73 , 155.28
220.94 , 155.40 , 221.37 , 158.05
218.69 , 157.33 , 218.71 , 160.30
223.14 , 153.46 , 223.59 , 157.40
223.09 , 155.42 , 223.67 , 158.83
220.27 , 149.60 , 221.70 , 155.51
220.27 , 149.60 , 221.70 , 155.51
217.67 , 147.65 , 219.30 , 155.03
217.59 , 149.56 , 219.46 , 156.41
215.35 , 153.45 , 216.82 , 160.09
212.60 , 153.44 , 214.60 , 161.03
214.83 , 149.53 , 217.24 , 157.33
215.35 , 153.45 , 216.82 , 160.09
213.12 , 157.37 , 214.31 , 163.79
215.78 , 157.35 , 216.55 , 162.86
217.42 , 155.35 , 219.46 , 162.21
216.84 , 151.44 , 219.84 , 159.45
214.00 , 151.39 , 217.72 , 160.37
216.20 , 149.41 , 220.41 , 158.10
210.46 , 145.20 , 216.42 , 155.50
214.00 , 151.39 , 217.72 , 160.37
211.28 , 149.23 , 215.74 , 158.22
214.81 , 151.42 , 217.35 , 158.69
214.81 , 151.42 , 217.35 , 158.69
217.07 , 145.64 , 220.00 , 153.66
217.04 , 147.55 , 220.07 , 155.05
214.22 , 145.57 , 217.79 , 154.58
213.48 , 143.47 , 218.56 , 153.23
214.21 , 149.35 , 217.90 , 157.32
214.81 , 151.42 , 217.35 , 158.69
217.57 , 153.38 , 219.58 , 159.18
215.52 , 161.00 , 216.92 , 165.52
218.06 , 159.18 , 219.20 , 163.31
217.72 , 157.20 , 219.42 , 161.93
215.41 , 159.11 , 217.00 , 164.16
217.57 , 153.38 , 219.58 , 159.18
217.57 , 153.38 , 219.58 , 159.18
217.99 , 155.36 , 219.18 , 160.56
217.57 , 153.38 , 219.58 , 159.18
217.56 , 151.47 , 219.56 , 157.80
217.99 , 155.36 , 219.18 , 160.56
218.02 , 153.45 , 219.06 , 159.18
218.49 , 153.46 , 218.97 , 157.52
215.89 , 153.46 , 216.64 , 158.42
218.02 , 153.45 , 219.06 , 159.18
217.99 , 155.36 , 219.18 , 160.56
217.99 , 155.36 , 219.18 , 160.56
218.02 , 153.45 , 219.06 , 159.18
219.79 , 157.29 , 221.90 , 162.77
216.28 , 151.32 , 220.37 , 159.49
216.28 , 151.32 , 220.37 , 159.49
213.27 , 149.29 , 218.32 , 159.00
212.40 , 145.27 , 218.98 , 156.29
209.53 , 141.12 , 217.25 , 152.81
210.53 , 147.07 , 216.37 , 156.85
211.50 , 143.08 , 219.73 , 154.97
211.42 , 141.20 , 219.79 , 153.60
210.33 , 137.06 , 220.74 , 150.94
210.33 , 137.06 , 220.74 , 150.94
213.57 , 135.40 , 222.76 , 148.61
214.54 , 139.49 , 221.83 , 151.28
211.38 , 137.43 , 219.69 , 150.83
214.54 , 139.49 , 221.83 , 151.28
215.40 , 143.52 , 221.03 , 153.99
215.44 , 145.43 , 221.05 , 155.38
215.41 , 141.61 , 220.94 , 152.59
215.40 , 143.52 , 221.03 , 153.99
215.41 , 141.61 , 220.94 , 152.59
215.40 , 143.52 , 221.03 , 153.99
215.44 , 145.43 , 221.05 , 155.38
215.44 , 145.43 , 221.05 , 155.38
215.44 , 145.43 , 221.05 , 155.38
212.36 , 143.39 , 218.95 , 154.91
215.40 , 143.52 , 221.03 , 153.99
212.36 , 143.39 , 218.95 , 154.91
215.44 , 145.43 , 221.05 , 155.38
213.27 , 149.29 , 218.32 , 159.00
213.23 , 147.41 , 218.27 , 157.63
214.00 , 151.39 , 217.72 , 160.37
213.23 , 147.41 , 218.27 , 157.63
216.18 , 145.60 , 220.26 , 155.32
215.40 , 143.52 , 221.03 , 153.99
219.62 , 153.43 , 222.03 , 159.96
219.69 , 155.36 , 222.00 , 161.37
219.62 , 153.43 , 222.03 , 159.96
219.04 , 149.52 , 222.51 , 157.22
219.02 , 147.59 , 222.49 , 155.81
219.02 , 147.59 , 222.49 , 155.81
219.60 , 151.50 , 221.98 , 158.56
219.04 , 149.52 , 222.51 , 157.22
216.20 , 149.41 , 220.41 , 158.10
216.17 , 147.50 , 220.37 , 156.71
218.38 , 145.57 , 223.14 , 154.49
215.40 , 143.52 , 221.03 , 153.99
215.40 , 143.52 , 221.03 , 153.99
215.40 , 143.52 , 221.03 , 153.99
215.40 , 143.52 , 221.03 , 153.99
220.95 , 145.69 , 224.79 , 155.11
220.95 , 145.69 , 224.79 , 155.11
220.95 , 145.69 , 224.79 , 155.11
221.58 , 149.58 , 224.28 , 157.86
220.95 , 145.69 , 224.79 , 155.11
219.67 , 147.64 , 221.69 , 155.74
219.67 , 147.64 , 221.69 , 155.74
220.10 , 153.45 , 221.48 , 159.91
219.67 , 147.64 , 221.69 , 155.74
222.29 , 149.61 , 224.05 , 156.25
222.69 , 153.46 , 223.67 , 159.02
222.29 , 149.61 , 224.05 , 156.25
222.69 , 153.46 , 223.67 , 159.02
222.29 , 149.61 , 224.05 , 156.25
222.69 , 153.46 , 223.67 , 159.02
220.11 , 157.31 , 221.68 , 162.72
220.49 , 159.23 , 221.38 , 164.09
220.49 , 159.23 , 221.38 , 164.09
220.08 , 155.38 , 221.61 , 161.32
222.12 , 155.39 , 224.05 , 162.06
224.25 , 151.59 , 226.50 , 158.42
221.62 , 153.48 , 224.47 , 160.73
222.24 , 159.29 , 224.14 , 164.91
222.16 , 157.34 , 224.13 , 163.49
220.11 , 157.31 , 221.68 , 162.72
219.62 , 153.43 , 222.03 , 159.96
219.60 , 151.50 , 221.98 , 158.56
221.78 , 147.68 , 224.63 , 154.92
219.62 , 153.43 , 222.03 , 159.96
219.62 , 153.43 , 222.03 , 159.96
219.60 , 151.50 , 221.98 , 158.56
219.60 , 151.50 , 221.98 , 158.56
219.60 , 151.50 , 221.98 , 158.56
219.03 , 145.66 , 222.40 , 154.39
219.02 , 147.59 , 222.49 , 155.81
219.03 , 145.66 , 222.40 , 154.39
219.03 , 145.66 , 222.40 , 154.39
219.03 , 145.66 , 222.40 , 154.39
218.42 , 139.78 , 222.91 , 150.24
218.37 , 141.72 , 223.06 , 151.66
218.35 , 143.65 , 223.13 , 153.08
215.41 , 141.61 , 220.94 , 152.59
216.17 , 147.50 , 220.37 , 156.71
216.88 , 153.35 , 219.90 , 160.84
216.17 , 147.50 , 220.37 , 156.71
214.00 , 151.39 , 217.72 , 160.37
216.84 , 151.44 , 219.84 , 159.45
216.88 , 153.35 , 219.90 , 160.84
217.53 , 159.16 , 219.54 , 164.97
220.28 , 161.17 , 221.59 , 165.52
219.79 , 157.29 , 221.90 , 162.77
217.23 , 159.09 , 219.65 , 164.97
221.34 , 155.44 , 224.65 , 162.26
221.34 , 155.44 , 224.65 , 162.26
219.36 , 155.32 , 222.17 , 161.42
217.23 , 159.09 , 219.65 , 164.97
220.13 , 161.19 , 221.50 , 165.54
219.56 , 157.28 , 221.91 , 162.80
218.70 , 151.38 , 222.73 , 158.70
219.36 , 155.32 , 222.17 , 161.42
219.22 , 153.38 , 222.35 , 160.03
219.36 , 155.32 , 222.17 , 161.42
218.55 , 149.44 , 222.94 , 157.31
221.37 , 149.62 , 225.02 , 156.48
221.27 , 147.67 , 225.17 , 155.06
220.62 , 143.71 , 225.89 , 152.35
221.22 , 145.72 , 225.25 , 153.63
218.68 , 141.68 , 223.64 , 150.13
218.67 , 139.76 , 223.69 , 148.71
219.28 , 143.72 , 222.92 , 151.43
219.28 , 143.72 , 222.92 , 151.43
219.28 , 143.72 , 222.92 , 151.43
219.32 , 141.78 , 222.88 , 150.01
218.71 , 137.82 , 223.67 , 147.29
219.28 , 143.72 , 222.92 , 151.43
221.78 , 147.68 , 224.63 , 154.92
221.20 , 143.77 , 225.25 , 152.19
221.78 , 147.68 , 224.63 , 154.92
221.80 , 145.73 , 224.55 , 153.49
222.29 , 149.61 , 224.05 , 156.25
221.80 , 145.73 , 224.55 , 153.49
221.87 , 143.77 , 224.41 , 152.05
221.80 , 145.73 , 224.55 , 153.49
221.80 , 145.73 , 224.55 , 153.49
221.87 , 143.77 , 224.41 , 152.05
219.67 , 147.64 , 221.69 , 155.74
221.80 , 145.73 , 224.55 , 153.49
221.80 , 145.73 , 224.55 , 153.49
219.61 , 149.57 , 221.87 , 157.15
222.35 , 147.65 , 223.88 , 154.82
219.67 , 147.64 , 221.69 , 155.74
219.67 , 147.64 , 221.69 , 155.74
222.35 , 147.65 , 223.88 , 154.82
219.67 , 147.64 , 221.69 , 155.74
219.77 , 145.70 , 221.44 , 154.34
219.19 , 141.79 , 222.00 , 151.57
219.19 , 141.79 , 222.00 , 151.57
219.19 , 141.79 , 222.00 , 151.57
220.99 , 143.74 , 224.61 , 153.67
220.08 , 155.38 , 221.61 , 161.32
222.29 , 149.61 , 224.05 , 156.25
219.61 , 149.57 , 221.87 , 157.15
219.61 , 149.57 , 221.87 , 157.15
219.61 , 149.57 , 221.87 , 157.15
222.76 , 151.50 , 223.49 , 157.59
223.08 , 155.33 , 223.23 , 160.38
220.56 , 155.37 , 221.01 , 161.29
220.66 , 153.43 , 220.73 , 159.90
223.19 , 153.37 , 222.96 , 158.96
223.19 , 153.37 , 222.96 , 158.96
223.19 , 153.37 , 222.96 , 158.96
223.58 , 155.21 , 222.46 , 160.35
223.43 , 157.18 , 222.81 , 161.75
223.19 , 153.37 , 222.96 , 158.96
222.76 , 151.50 , 223.49 , 157.59
225.54 , 155.29 , 225.45 , 159.48
225.82 , 157.10 , 225.06 , 160.83
225.46 , 157.27 , 225.64 , 160.92
225.46 , 157.27 , 225.64 , 160.92
225.46 , 157.27 , 225.64 , 160.92
225.54 , 155.29 , 225.45 , 159.48
225.54 , 155.29 , 225.45 , 159.48
225.10 , 157.27 , 225.79 , 162.51
225.09 , 159.23 , 225.94 , 163.96
225.41 , 161.06 , 225.68 , 165.29
225.41 , 161.06 , 225.68 , 165.29
225.41 , 161.06 , 225.68 , 165.29
225.10 , 157.27 , 225.79 , 162.51
225.10 , 157.27 , 225.79 , 162.51
223.72 , 145.75 , 226.88 , 154.20
223.72 , 145.75 , 226.88 , 154.20
224.26 , 149.62 , 226.39 , 156.96
224.25 , 151.59 , 226.50 , 158.42
224.25 , 151.59 , 226.50 , 158.42
226.38 , 147.80 , 229.07 , 154.80
226.40 , 149.79 , 229.09 , 156.28
226.86 , 153.63 , 228.64 , 159.03
224.28 , 153.55 , 226.54 , 159.87
224.81 , 159.36 , 226.21 , 164.08
224.45 , 157.49 , 226.43 , 162.77
224.34 , 155.52 , 226.52 , 161.32
226.55 , 153.77 , 228.91 , 159.22
224.45 , 157.49 , 226.43 , 162.77
226.91 , 155.61 , 228.60 , 160.51
226.91 , 155.61 , 228.60 , 160.51
226.91 , 155.61 , 228.60 , 160.51
224.91 , 161.33 , 226.14 , 165.53
224.45 , 157.49 , 226.43 , 162.77
221.06 , 151.53 , 224.92 , 159.42
222.28 , 153.50 , 224.17 , 159.11
222.28 , 153.50 , 224.17 , 159.11
219.02 , 147.59 , 222.49 , 155.81
219.80 , 149.57 , 222.27 , 155.57
219.80 , 149.57 , 222.27 , 155.57
221.20 , 143.77 , 225.25 , 152.19
219.80 , 147.64 , 222.28 , 154.17
221.22 , 145.72 , 225.25 , 153.63
219.80 , 149.57 , 222.27 , 155.57
221.78 , 147.68 , 224.63 , 154.92
221.78 , 147.68 , 224.63 , 154.92
221.23 , 141.82 , 225.19 , 150.74
223.97 , 143.89 , 227.40 , 151.32
223.44 , 138.00 , 228.10 , 147.12
223.97 , 143.89 , 227.40 , 151.32
222.26 , 151.56 , 224.14 , 157.68
222.26 , 151.56 , 224.14 , 157.68
225.43 , 159.24 , 225.75 , 162.37
225.43 , 161.21 , 225.80 , 163.81
225.43 , 161.21 , 225.80 , 163.81
222.99 , 159.24 , 223.56 , 163.22
222.67 , 155.41 , 223.78 , 160.44
225.18 , 155.43 , 225.97 , 159.59
224.89 , 149.64 , 226.23 , 155.36
225.22 , 153.46 , 225.87 , 158.14
225.22 , 153.46 , 225.87 , 158.14
225.22 , 153.46 , 225.87 , 158.14
224.96 , 147.66 , 226.09 , 153.91
224.89 , 149.64 , 226.23 , 155.36
222.26 , 151.56 , 224.14 , 157.68
219.04 , 149.52 , 222.51 , 157.22
219.04 , 149.52 , 222.51 , 157.22
219.62 , 153.43 , 222.03 , 159.96
218.06 , 159.18 , 219.20 , 163.31
222.28 , 153.50 , 224.17 , 159.11
220.18 , 159.24 , 221.67 , 164.12
222.74 , 159.30 , 223.81 , 163.29
220.58 , 163.09 , 221.47 , 166.89
220.89 , 163.10 , 221.21 , 165.26
220.89 , 163.10 , 221.21 , 165.26
223.06 , 163.13 , 223.62 , 166.06
223.25 , 165.00 , 223.55 , 167.42
223.06 , 163.13 , 223.62 , 166.06
222.68 , 157.35 , 223.83 , 161.87
222.68 , 157.35 , 223.83 , 161.87
222.26 , 151.56 , 224.14 , 157.68
219.60 , 151.50 , 221.98 , 158.56
221.78 , 147.68 , 224.63 , 154.92
219.02 , 147.59 , 222.49 , 155.81
221.85 , 151.58 , 224.58 , 157.79
222.33 , 155.45 , 224.13 , 160.53
222.33 , 155.45 , 224.13 , 160.53
219.69 , 155.36 , 222.00 , 161.37
222.33 , 155.45 , 224.13 , 160.53
222.74 , 159.30 , 223.81 , 163.29
222.43 , 157.41 , 224.02 , 161.95
222.84 , 161.26 , 223.72 , 164.71
225.23 , 159.37 , 225.96 , 162.48
225.19 , 157.40 , 226.00 , 161.04
224.86 , 153.58 , 226.33 , 158.27
225.19 , 157.40 , 226.00 , 161.04
225.18 , 155.43 , 225.97 , 159.59
225.18 , 155.43 , 225.97 , 159.59
225.18 , 155.43 , 225.97 , 159.59
224.89 , 149.64 , 226.23 , 155.36
224.89 , 149.64 , 226.23 , 155.36
224.49 , 145.79 , 226.73 , 152.60
221.80 , 145.73 , 224.55 , 153.49
221.80 , 145.73 , 224.55 , 153.49
224.49 , 145.79 , 226.73 , 152.60
224.49 , 145.79 , 226.73 , 152.60
224.01 , 141.92 , 227.35 , 149.85
224.45 , 147.76 , 226.79 , 154.06
221.20 , 143.77 , 225.25 , 152.19
219.28 , 143.72 , 222.92 , 151.43
219.80 , 147.64 , 222.28 , 154.17
219.28 , 143.72 , 222.92 , 151.43
222.48 , 147.72 , 224.51 , 153.30
222.87 , 149.63 , 223.96 , 154.63
221.78 , 147.68 , 224.63 , 154.92
221.79 , 149.63 , 224.64 , 156.36
221.79 , 149.63 , 224.64 , 156.36
221.78 , 147.68 , 224.63 , 154.92
221.79 , 149.63 , 224.64 , 156.36
222.26 , 151.56 , 224.14 , 157.68
219.61 , 149.57 , 221.87 , 157.15
219.60 , 151.50 , 221.98 , 158.56
219.61 , 149.57 , 221.87 , 157.15
221.87 , 143.77 , 224.41 , 152.05
221.78 , 147.68 , 224.63 , 154.92
222.29 , 149.61 , 224.05 , 156.25
221.80 , 145.73 , 224.55 , 153.49
221.87 , 143.77 , 224.41 , 152.05
219.09 , 143.73 , 222.24 , 152.98
221.87 , 143.77 , 224.41 , 152.05
221.29 , 139.86 , 225.06 , 149.30
221.40 , 137.90 , 224.87 , 147.86
221.29 , 139.86 , 225.06 , 149.30
221.80 , 145.73 , 224.55 , 153.49
221.80 , 145.73 , 224.55 , 153.49
219.03 , 145.66 , 222.40 , 154.39
222.29 , 149.61 , 224.05 , 156.25
221.80 , 145.73 , 224.55 , 153.49
222.35 , 147.65 , 223.88 , 154.82
221.87 , 143.77 , 224.41 , 152.05
221.87 , 143.77 , 224.41 , 152.05
218.37 , 141.72 , 223.06 , 151.66
221.80 , 145.73 , 224.55 , 153.49
221.20 , 143.77 , 225.25 , 152.19
221.20 , 143.77 , 225.25 , 152.19
221.22 , 145.72 , 225.25 , 153.63
221.79 , 149.63 , 224.64 , 156.36
219.04 , 149.52 , 222.51 , 157.22
219.11 , 151.45 , 222.47 , 158.63
218.55 , 149.44 , 222.94 , 157.31
218.44 , 147.50 , 223.07 , 155.91
219.11 , 151.45 , 222.47 , 158.63
216.20 , 149.41 , 220.41 , 158.10
215.51 , 147.33 , 221.00 , 156.77
216.20 , 149.41 , 220.41 , 158.10
219.11 , 151.45 , 222.47 , 158.63
219.69 , 155.36 , 222.00 , 161.37
219.22 , 153.38 , 222.35 , 160.03
219.11 , 151.45 , 222.47 , 158.63
219.11 , 151.45 , 222.47 , 158.63
216.28 , 151.32 , 220.37 , 159.49
218.44 , 147.50 , 223.07 , 155.91
218.55 , 149.44 , 222.94 , 157.31
219.11 , 151.45 , 222.47 , 158.63
218.44 , 147.50 , 223.07 , 155.91
218.44 , 147.50 , 223.07 , 155.91
216.49 , 147.41 , 220.63 , 155.10
216.59 , 149.32 , 220.48 , 156.48
219.28 , 145.65 , 222.89 , 152.84
219.33 , 147.57 , 222.80 , 154.25
219.33 , 147.57 , 222.80 , 154.25
222.07 , 147.73 , 224.98 , 153.43
223.41 , 141.94 , 228.09 , 150.06
223.98 , 145.86 , 227.38 , 152.78
221.20 , 143.77 , 225.25 , 152.19
221.79 , 149.63 , 224.64 , 156.36
221.22 , 145.72 , 225.25 , 153.63
221.20 , 143.77 , 225.25 , 152.19
221.20 , 143.77 , 225.25 , 152.19
223.97 , 143.89 , 227.40 , 151.32
224.01 , 141.92 , 227.35 , 149.85
221.23 , 141.82 , 225.19 , 150.74
224.08 , 139.94 , 227.24 , 148.39
224.08 , 139.94 , 227.24 , 148.39
221.29 , 139.86 , 225.06 , 149.30
221.29 , 139.86 , 225.06 , 149.30
219.52 , 137.90 , 222.59 , 147.17
221.80 , 134.03 , 225.64 , 143.49
218.92 , 133.94 , 223.41 , 144.43
219.40 , 139.85 , 222.77 , 148.59
219.92 , 143.77 , 222.09 , 151.34
220.35 , 147.66 , 221.56 , 154.10
220.35 , 147.66 , 221.56 , 154.10
219.84 , 145.71 , 222.22 , 152.75
217.56 , 151.47 , 219.56 , 157.80
222.67 , 155.41 , 223.78 , 160.44
220.10 , 153.45 , 221.48 , 159.91
220.10 , 153.45 , 221.48 , 159.91
222.69 , 153.46 , 223.67 , 159.02
222.26 , 151.56 , 224.14 , 157.68
222.69 , 153.46 , 223.67 , 159.02
222.26 , 151.56 , 224.14 , 157.68
222.67 , 155.41 , 223.78 , 160.44
223.02 , 157.29 , 223.43 , 161.79
225.43 , 159.24 , 225.75 , 162.37
225.40 , 163.03 , 225.85 , 166.74
227.76 , 163.01 , 227.98 , 165.89
225.40 , 163.03 , 225.85 , 166.74
225.12 , 161.20 , 226.02 , 165.41
225.09 , 159.23 , 225.94 , 163.96
222.12 , 155.39 , 224.05 , 162.06
224.71 , 155.42 , 226.15 , 161.18
224.71 , 155.42 , 226.15 , 161.18
224.72 , 153.45 , 226.02 , 159.73
222.29 , 149.61 , 224.05 , 156.25
222.35 , 147.65 , 223.88 , 154.82
222.67 , 155.41 , 223.78 , 160.44
225.22 , 153.46 , 225.87 , 158.14
222.82 , 151.58 , 224.02 , 156.06
222.26 , 151.56 , 224.14 , 157.68
221.78 , 147.68 , 224.63 , 154.92
221.79 , 149.63 , 224.64 , 156.36
221.79 , 149.63 , 224.64 , 156.36
221.85 , 151.58 , 224.58 , 157.79
221.27 , 147.67 , 225.17 , 155.06
221.79 , 149.63 , 224.64 , 156.36
219.62 , 153.43 , 222.03 , 159.96
219.60 , 151.50 , 221.98 , 158.56
219.04 , 149.52 , 222.51 , 157.22
219.80 , 147.64 , 222.28 , 154.17
219.02 , 147.59 , 222.49 , 155.81
219.04 , 149.52 , 222.51 , 157.22
219.04 , 149.52 , 222.51 , 157.22
219.60 , 151.50 , 221.98 , 158.56
219.60 , 151.50 , 221.98 , 158.56
222.67 , 155.41 , 223.78 , 160.44
220.27 , 149.60 , 221.70 , 155.51
220.23 , 153.46 , 221.79 , 158.32
221.85 , 151.58 , 224.58 , 157.79
221.79 , 149.63 , 224.64 , 156.36
221.79 , 149.63 , 224.64 , 156.36
221.78 , 147.68 , 224.63 , 154.92
221.20 , 143.77 , 225.25 , 152.19
221.20 , 143.77 , 225.25 , 152.19
219.02 , 147.59 , 222.49 , 155.81
218.35 , 143.65 , 223.13 , 153.08
218.35 , 143.65 , 223.13 , 153.08
221.20 , 143.77 , 225.25 , 152.19
223.11 , 145.79 , 227.59 , 154.39
219.02 , 147.59 , 222.49 , 155.81
223.71 , 147.72 , 226.98 , 155.66
218.37 , 141.72 , 223.06 , 151.66
221.23 , 141.82 , 225.19 , 150.74
221.20 , 143.77 , 225.25 , 152.19
221.20 , 143.77 , 225.25 , 152.19
221.20 , 143.77 , 225.25 , 152.19
221.22 , 145.72 , 225.25 , 153.63
221.79 , 149.63 , 224.64 , 156.36
222.28 , 153.50 , 224.17 , 159.11
222.26 , 151.56 , 224.14 , 157.68
222.28 , 153.50 , 224.17 , 159.11
221.78 , 147.68 , 224.63 , 154.92
221.78 , 147.68 , 224.63 , 154.92
221.80 , 145.73 , 224.55 , 153.49
221.23 , 141.82 , 225.19 , 150.74
219.40 , 139.85 , 222.77 , 148.59
221.29 , 139.86 , 225.06 , 149.30
221.29 , 139.86 , 225.06 , 149.30
223.63 , 134.04 , 227.84 , 144.17
226.43 , 134.13 , 230.03 , 143.24
226.78 , 140.01 , 229.43 , 147.49
226.78 , 140.01 , 229.43 , 147.49
226.78 , 140.01 , 229.43 , 147.49
227.18 , 143.85 , 228.80 , 150.25
224.68 , 141.83 , 226.40 , 149.68
224.68 , 141.83 , 226.40 , 149.68
224.19 , 137.95 , 227.05 , 146.92
224.35 , 135.95 , 226.80 , 145.46
221.97 , 141.81 , 224.19 , 150.62
221.29 , 139.86 , 225.06 , 149.30
221.23 , 141.82 , 225.19 , 150.74
221.29 , 139.86 , 225.06 , 149.30
221.29 , 139.86 , 225.06 , 149.30
220.64 , 135.91 , 225.85 , 146.57
220.74 , 133.95 , 225.67 , 145.12
221.23 , 141.82 , 225.19 , 150.74
221.29 , 139.86 , 225.06 , 149.30
221.87 , 143.77 , 224.41 , 152.05
222.35 , 147.65 , 223.88 , 154.82
222.35 , 147.65 , 223.88 , 154.82
222.86 , 149.54 , 223.24 , 156.17
222.86 , 149.54 , 223.24 , 156.17
222.86 , 149.54 , 223.24 , 156.17
220.96 , 155.37 , 220.88 , 159.66
222.69 , 153.46 , 223.67 , 159.02
222.69 , 153.46 , 223.67 , 159.02
223.08 , 155.33 , 223.23 , 160.38
223.08 , 155.33 , 223.23 , 160.38
223.02 , 157.29 , 223.43 , 161.79
220.88 , 157.31 , 221.07 , 161.06
221.06 , 161.14 , 220.96 , 163.84
220.84 , 159.24 , 221.19 , 162.46
222.99 , 159.24 , 223.56 , 163.22
225.18 , 155.43 , 225.97 , 159.59
224.89 , 149.64 , 226.23 , 155.36
222.69 , 153.46 , 223.67 , 159.02
222.67 , 155.41 , 223.78 , 160.44
223.02 , 157.29 , 223.43 , 161.79
225.18 , 155.43 , 225.97 , 159.59
222.67 , 155.41 , 223.78 , 160.44
222.29 , 149.61 , 224.05 , 156.25
219.61 , 149.57 , 221.87 , 157.15
220.10 , 153.45 , 221.48 , 159.91
220.10 , 153.45 , 221.48 , 159.91
220.10 , 153.45 , 221.48 , 159.91
223.02 , 157.29 , 223.43 , 161.79
220.51 , 157.31 , 221.23 , 162.69
222.69 , 153.46 , 223.67 , 159.02
219.61 , 149.57 , 221.87 , 157.15
220.08 , 155.38 , 221.61 , 161.32
219.60 , 151.50 , 221.98 , 158.56
219.60 , 151.50 , 221.98 , 158.56
219.62 , 153.43 , 222.03 , 159.96
219.69 , 155.36 , 222.00 , 161.37
219.62 , 153.43 , 222.03 , 159.96
219.62 , 153.43 , 222.03 , 159.96
219.62 , 153.43 , 222.03 , 159.96
219.60 , 151.50 , 221.98 , 158.56
216.85 , 149.54 , 219.72 , 158.07
216.85 , 149.54 , 219.72 , 158.07
222.17 , 151.50 , 223.69 , 159.21
222.12 , 155.39 , 224.05 , 162.06
222.16 , 157.34 , 224.13 , 163.49
216.84 , 151.44 , 219.84 , 159.45
219.02 , 147.59 , 222.49 , 155.81
219.62 , 153.43 , 222.03 , 159.96
220.11 , 157.31 , 221.68 , 162.72
222.74 , 159.30 , 223.81 , 163.29
222.74 , 159.30 , 223.81 , 163.29
222.74 , 159.30 , 223.81 , 163.29
220.28 , 161.17 , 221.59 , 165.52
222.84 , 161.26 , 223.72 , 164.71
222.33 , 155.45 , 224.13 , 160.53
219.69 , 155.36 , 222.00 , 161.37
222.28 , 153.50 , 224.17 , 159.11
221.85 , 151.58 , 224.58 , 157.79
221.94 , 153.53 , 224.45 , 159.21
222.57 , 159.37 , 223.84 , 163.37
221.94 , 153.53 , 224.45 , 159.21
219.94 , 159.23 , 221.74 , 164.16
222.97 , 163.22 , 223.56 , 166.13
222.97 , 163.22 , 223.56 , 166.13
219.94 , 159.23 , 221.74 , 164.16
217.44 , 161.02 , 219.43 , 166.33
215.87 , 164.82 , 216.55 , 168.20
215.15 , 158.98 , 217.08 , 164.11
217.20 , 153.28 , 219.88 , 159.20
219.36 , 155.32 , 222.17 , 161.42
219.22 , 153.38 , 222.35 , 160.03
218.38 , 145.57 , 223.14 , 154.49
221.27 , 147.67 , 225.17 , 155.06
222.43 , 157.41 , 224.02 , 161.95
219.11 , 151.45 , 222.47 , 158.63
221.79 , 149.63 , 224.64 , 156.36
219.04 , 149.52 , 222.51 , 157.22
218.35 , 143.65 , 223.13 , 153.08
218.38 , 145.57 , 223.14 , 154.49
218.38 , 145.57 , 223.14 , 154.49
217.62 , 141.58 , 223.89 , 151.79
219.11 , 151.45 , 222.47 , 158.63
215.51 , 147.33 , 221.00 , 156.77
217.62 , 141.58 , 223.89 , 151.79
218.35 , 143.65 , 223.13 , 153.08
215.73 , 141.50 , 221.49 , 151.01
218.68 , 141.68 , 223.64 , 150.13
220.55 , 139.82 , 226.01 , 149.47
221.23 , 141.82 , 225.19 , 150.74
218.37 , 141.72 , 223.06 , 151.66
221.29 , 139.86 , 225.06 , 149.30
221.87 , 143.77 , 224.41 , 152.05
221.23 , 141.82 , 225.19 , 150.74
217.07 , 145.64 , 220.00 , 153.66
217.07 , 145.64 , 220.00 , 153.66
217.04 , 147.55 , 220.07 , 155.05
217.56 , 151.47 , 219.56 , 157.80
217.56 , 151.47 , 219.56 , 157.80
221.94 , 153.53 , 224.45 , 159.21
222.26 , 157.47 , 223.99 , 162.03
222.48 , 159.45 , 223.65 , 163.42
223.95 , 171.22 , 222.23 , 171.69
223.95 , 171.22 , 222.23 , 171.69
223.54 , 167.37 , 222.44 , 168.91
223.23 , 165.34 , 222.89 , 167.55
223.05 , 163.49 , 222.78 , 166.15
223.23 , 165.34 , 222.89 , 167.55
222.97 , 163.33 , 223.27 , 166.17
223.15 , 165.19 , 223.33 , 167.54
223.15 , 165.19 , 223.33 , 167.54
222.97 , 163.22 , 223.56 , 166.13
222.84 , 161.26 , 223.72 , 164.71
222.74 , 159.30 , 223.81 , 163.29
222.84 , 161.26 , 223.72 , 164.71
222.74 , 159.30 , 223.81 , 163.29
222.74 , 159.30 , 223.81 , 163.29
223.16 , 165.09 , 223.55 , 167.49
222.74 , 159.30 , 223.81 , 163.29
223.01 , 161.18 , 223.63 , 164.64
222.67 , 155.41 , 223.78 , 160.44
222.68 , 157.35 , 223.83 , 161.87
222.68 , 157.35 , 223.83 , 161.87
225.19 , 157.40 , 226.00 , 161.04
222.67 , 155.41 , 223.78 , 160.44
222.67 , 155.41 , 223.78 , 160.44
222.28 , 153.50 , 224.17 , 159.11
222.26 , 151.56 , 224.14 , 157.68
222.28 , 153.50 , 224.17 , 159.11
222.26 , 151.56 , 224.14 , 157.68
219.04 , 149.52 , 222.51 , 157.22
222.28 , 153.50 , 224.17 , 159.11
220.18 , 159.24 , 221.67 , 164.12
222.33 , 155.45 , 224.13 , 160.53
221.85 , 151.58 , 224.58 , 157.79
221.85 , 151.58 , 224.58 , 157.79
222.74 , 159.30 , 223.81 , 163.29
222.68 , 157.35 , 223.83 , 161.87
222.68 , 157.35 , 223.83 , 161.87
222.68 , 157.35 , 223.83 , 161.87
222.67 , 155.41 , 223.78 , 160.44
222.28 , 153.50 , 224.17 , 159.11
222.67 , 155.41 , 223.78 , 160.44
222.67 , 155.41 , 223.78 , 160.44
222.28 , 153.50 , 224.17 , 159.11
222.74 , 159.30 , 223.81 , 163.29
222.84 , 161.26 , 223.72 , 164.71
225.11 , 159.50 , 225.95 , 162.60
222.43 , 157.41 , 224.02 , 161.95
224.91 , 155.55 , 226.27 , 159.72
224.99 , 157.52 , 226.15 , 161.16
224.91 , 155.55 , 226.27 , 159.72
222.28 , 153.50 , 224.17 , 159.11
224.34 , 155.52 , 226.52 , 161.32
224.34 , 155.52 , 226.52 , 161.32
224.28 , 153.55 , 226.54 , 159.87
224.34 , 155.52 , 226.52 , 161.32
223.80 , 151.66 , 226.96 , 158.58
224.10 , 149.80 , 227.12 , 155.68
224.10 , 149.80 , 227.12 , 155.68
220.62 , 143.71 , 225.89 , 152.35
222.47 , 143.81 , 228.24 , 153.14
222.40 , 141.84 , 228.31 , 151.68
222.47 , 143.81 , 228.24 , 153.14
223.11 , 145.79 , 227.59 , 154.39
223.80 , 151.66 , 226.96 , 158.58
223.91 , 153.63 , 226.85 , 160.02
222.43 , 157.41 , 224.02 , 161.95
222.43 , 157.41 , 224.02 , 161.95
219.79 , 157.29 , 221.90 , 162.77
221.34 , 155.44 , 224.65 , 162.26
220.62 , 151.51 , 225.21 , 159.54
221.37 , 149.62 , 225.02 , 156.48
218.44 , 147.50 , 223.07 , 155.91
219.11 , 151.45 , 222.47 , 158.63
221.37 , 149.62 , 225.02 , 156.48
221.37 , 149.62 , 225.02 , 156.48
218.55 , 149.44 , 222.94 , 157.31
221.37 , 149.62 , 225.02 , 156.48
218.44 , 147.50 , 223.07 , 155.91
221.27 , 147.67 , 225.17 , 155.06
218.44 , 147.50 , 223.07 , 155.91
218.44 , 147.50 , 223.07 , 155.91
218.55 , 149.44 , 222.94 , 157.31
221.51 , 151.58 , 224.81 , 157.90
221.51 , 151.58 , 224.81 , 157.90
221.25 , 151.59 , 224.81 , 157.99
221.69 , 153.56 , 224.52 , 159.30
219.13 , 155.30 , 222.12 , 161.46
220.83 , 153.48 , 224.96 , 160.95
217.93 , 153.25 , 222.98 , 161.76
221.34 , 155.44 , 224.65 , 162.26
221.34 , 155.44 , 224.65 , 162.26
219.36 , 155.32 , 222.17 , 161.42
218.70 , 151.38 , 222.73 , 158.70
218.55 , 149.44 , 222.94 , 157.31
221.34 , 155.44 , 224.65 , 162.26
220.62 , 151.51 , 225.21 , 159.54
220.46 , 149.54 , 225.39 , 158.12
219.11 , 151.45 , 222.47 , 158.63
219.22 , 153.38 , 222.35 , 160.03
216.56 , 155.15 , 220.10 , 162.24
216.40 , 153.23 , 220.27 , 160.87
220.46 , 149.54 , 225.39 , 158.12
218.44 , 147.50 , 223.07 , 155.91
218.55 , 149.44 , 222.94 , 157.31
218.55 , 149.44 , 222.94 , 157.31
218.44 , 147.50 , 223.07 , 155.91
221.37 , 149.62 , 225.02 , 156.48
221.37 , 149.62 , 225.02 , 156.48
221.37 , 149.62 , 225.02 , 156.48
220.62 , 143.71 , 225.89 , 152.35
217.68 , 143.51 , 223.81 , 153.21
220.62 , 143.71 , 225.89 , 152.35
216.82 , 139.47 , 224.68 , 150.54
219.65 , 145.56 , 226.10 , 155.43
218.63 , 139.57 , 227.08 , 151.33
218.63 , 139.57 , 227.08 , 151.33
217.62 , 141.58 , 223.89 , 151.79
217.62 , 141.58 , 223.89 , 151.79
214.65 , 143.30 , 221.76 , 154.08
214.57 , 141.39 , 221.83 , 152.68
215.51 , 147.33 , 221.00 , 156.77
217.68 , 143.51 , 223.81 , 153.21
217.68 , 143.51 , 223.81 , 153.21
217.79 , 145.44 , 223.66 , 154.61
218.55 , 149.44 , 222.94 , 157.31
218.44 , 147.50 , 223.07 , 155.91
217.94 , 147.39 , 223.44 , 156.01
216.73 , 151.25 , 220.25 , 157.85
216.59 , 149.32 , 220.48 , 156.48
