359.67 , 125.11 , 357.24 , 149.67
359.49 , 126.86 , 357.70 , 152.55
361.28 , 123.86 , 358.97 , 150.00
360.91 , 128.32 , 359.59 , 155.43
360.69 , 130.05 , 359.92 , 158.40
360.69 , 130.05 , 359.92 , 158.40
360.69 , 130.05 , 359.92 , 158.40
358.88 , 163.66 , 359.01 , 164.08
360.13 , 166.70 , 360.57 , 167.10
360.13 , 166.70 , 360.57 , 167.10
360.13 , 166.70 , 360.57 , 167.10
360.34 , 163.97 , 360.34 , 164.62
360.13 , 166.70 , 360.57 , 167.10
359.86 , 169.95 , 360.66 , 170.16
360.13 , 166.70 , 360.57 , 167.10
360.13 , 166.70 , 360.57 , 167.10
360.13 , 166.70 , 360.57 , 167.10
358.64 , 166.91 , 359.19 , 167.11
358.64 , 166.91 , 359.19 , 167.11
360.07 , 135.14 , 360.53 , 167.50
358.41 , 170.13 , 359.30 , 170.16
358.41 , 170.13 , 359.30 , 170.16
358.17 , 173.33 , 359.36 , 173.25
359.08 , 179.56 , 360.58 , 179.52
357.72 , 179.69 , 359.30 , 179.49
359.29 , 142.84 , 360.88 , 179.33
359.34 , 176.37 , 360.66 , 176.38
357.94 , 176.52 , 359.36 , 176.36
357.94 , 176.52 , 359.36 , 176.36
357.72 , 179.69 , 359.30 , 179.49
359.08 , 179.56 , 360.58 , 179.52
359.08 , 179.56 , 360.58 , 179.52
358.82 , 182.73 , 360.43 , 182.67
358.89 , 146.11 , 360.64 , 185.66
358.89 , 146.11 , 360.64 , 185.66
358.89 , 146.11 , 360.64 , 185.66
358.89 , 146.11 , 360.64 , 185.66
360.00 , 148.75 , 362.14 , 188.20
360.00 , 148.75 , 362.14 , 188.20
360.00 , 148.75 , 362.14 , 188.20
360.19 , 146.01 , 361.87 , 185.71
358.05 , 192.18 , 359.67 , 192.23
358.05 , 192.18 , 359.67 , 192.23
359.73 , 149.26 , 361.35 , 192.11
358.05 , 192.18 , 359.67 , 192.23
357.80 , 195.31 , 359.30 , 195.44
357.80 , 195.31 , 359.30 , 195.44
357.76 , 195.70 , 358.70 , 196.07
357.76 , 195.70 , 358.70 , 196.07
357.50 , 198.82 , 358.23 , 199.27
355.48 , 202.00 , 355.95 , 202.51
356.94 , 198.86 , 357.59 , 199.46
357.25 , 195.74 , 358.11 , 196.26
359.20 , 192.94 , 359.72 , 193.62
357.97 , 192.98 , 358.57 , 193.48
357.97 , 192.98 , 358.57 , 193.48
357.97 , 192.98 , 358.57 , 193.48
358.17 , 190.28 , 358.49 , 190.88
357.71 , 196.10 , 358.11 , 196.66
358.17 , 190.28 , 358.49 , 190.88
358.17 , 190.28 , 358.49 , 190.88
358.17 , 190.28 , 358.49 , 190.88
357.92 , 193.41 , 358.03 , 194.05
356.71 , 193.43 , 356.88 , 193.91
357.92 , 193.41 , 358.03 , 194.05
359.61 , 146.01 , 359.73 , 194.00
359.39 , 147.61 , 359.25 , 197.18
357.92 , 193.41 , 358.03 , 194.05
356.52 , 196.13 , 356.98 , 196.54
356.52 , 196.13 , 356.98 , 196.54
356.71 , 193.43 , 356.88 , 193.91
356.52 , 196.13 , 356.98 , 196.54
356.74 , 193.02 , 357.42 , 193.36
356.52 , 196.13 , 356.98 , 196.54
356.74 , 193.02 , 357.42 , 193.36
356.74 , 193.02 , 357.42 , 193.36
356.74 , 193.02 , 357.42 , 193.36
356.74 , 193.02 , 357.42 , 193.36
356.96 , 189.90 , 357.80 , 190.19
355.72 , 189.95 , 356.61 , 190.10
356.96 , 189.90 , 357.80 , 190.19
355.72 , 189.95 , 356.61 , 190.10
355.72 , 189.95 , 356.61 , 190.10
355.91 , 186.84 , 356.90 , 186.95
355.91 , 186.84 , 356.90 , 186.95
355.72 , 189.95 , 356.61 , 190.10
355.72 , 189.95 , 356.61 , 190.10
354.64 , 186.90 , 355.68 , 186.89
354.81 , 183.80 , 355.89 , 183.75
355.91 , 186.84 , 356.90 , 186.95
354.64 , 186.90 , 355.68 , 186.89
356.08 , 184.13 , 356.77 , 184.34
356.08 , 184.13 , 356.77 , 184.34
354.64 , 186.90 , 355.68 , 186.89
354.78 , 184.18 , 355.52 , 184.27
354.78 , 184.18 , 355.52 , 184.27
356.08 , 184.13 , 356.77 , 184.34
356.08 , 184.13 , 356.77 , 184.34
355.88 , 187.24 , 356.47 , 187.49
357.52 , 142.87 , 358.11 , 187.43
354.62 , 187.28 , 355.25 , 187.41
354.78 , 184.18 , 355.52 , 184.27
354.78 , 184.18 , 355.52 , 184.27
356.39 , 141.32 , 357.13 , 184.21
356.39 , 141.32 , 357.13 , 184.21
356.53 , 139.73 , 357.31 , 181.07
356.53 , 139.73 , 357.31 , 181.07
356.53 , 139.73 , 357.31 , 181.07
355.22 , 139.80 , 356.02 , 181.04
356.53 , 139.73 , 357.31 , 181.07
356.53 , 139.73 , 357.31 , 181.07
356.53 , 139.73 , 357.31 , 181.07
356.53 , 139.73 , 357.31 , 181.07
356.53 , 139.73 , 357.31 , 181.07
356.53 , 139.73 , 357.31 , 181.07
356.65 , 137.04 , 357.17 , 178.46
356.65 , 137.04 , 357.17 , 178.46
357.82 , 138.59 , 358.27 , 181.67
356.51 , 138.63 , 356.99 , 181.59
356.65 , 137.04 , 357.17 , 178.46
356.51 , 138.63 , 356.99 , 181.59
357.66 , 140.19 , 358.00 , 184.82
357.66 , 140.19 , 358.00 , 184.82
357.66 , 140.19 , 358.00 , 184.82
357.49 , 141.78 , 357.69 , 187.97
357.66 , 140.19 , 358.00 , 184.82
355.85 , 187.64 , 356.04 , 188.00
355.85 , 187.64 , 356.04 , 188.00
355.69 , 190.34 , 356.12 , 190.64
355.69 , 190.34 , 356.12 , 190.64
357.35 , 144.46 , 357.79 , 190.59
358.43 , 147.12 , 359.11 , 193.30
356.74 , 193.02 , 357.42 , 193.36
356.78 , 192.63 , 357.95 , 192.78
356.78 , 192.63 , 357.95 , 192.78
356.78 , 192.63 , 357.95 , 192.78
357.00 , 189.51 , 358.29 , 189.60
357.00 , 189.51 , 358.29 , 189.60
355.34 , 189.62 , 356.63 , 189.67
357.00 , 189.51 , 358.29 , 189.60
355.12 , 192.39 , 356.82 , 192.25
354.08 , 189.69 , 355.44 , 189.60
353.86 , 192.78 , 355.11 , 192.77
355.39 , 195.43 , 357.01 , 195.30
355.55 , 192.68 , 356.79 , 192.71
357.91 , 141.86 , 359.25 , 179.95
357.91 , 141.86 , 359.25 , 179.95
357.91 , 141.86 , 359.25 , 179.95
357.74 , 143.47 , 359.14 , 183.10
357.60 , 146.20 , 359.40 , 185.64
357.60 , 146.20 , 359.40 , 185.64
357.60 , 146.20 , 359.40 , 185.64
357.60 , 146.20 , 359.40 , 185.64
357.60 , 146.20 , 359.40 , 185.64
357.43 , 147.81 , 359.23 , 188.82
357.43 , 147.81 , 359.23 , 188.82
357.83 , 188.99 , 359.67 , 188.66
356.04 , 149.48 , 357.81 , 191.99
356.06 , 150.65 , 358.35 , 191.35
356.06 , 150.65 , 358.35 , 191.35
356.06 , 150.65 , 358.35 , 191.35
356.06 , 150.65 , 358.35 , 191.35
356.32 , 146.30 , 358.16 , 185.64
357.46 , 148.95 , 359.72 , 188.16
356.32 , 146.30 , 358.16 , 185.64
355.80 , 188.86 , 358.07 , 188.30
354.71 , 185.84 , 356.98 , 185.16
354.54 , 188.96 , 356.85 , 188.31
354.40 , 191.76 , 357.22 , 190.84
355.44 , 194.77 , 358.20 , 194.01
355.61 , 191.98 , 357.86 , 191.48
355.80 , 188.86 , 358.07 , 188.30
355.44 , 194.77 , 358.20 , 194.01
355.61 , 191.98 , 357.86 , 191.48
355.80 , 188.86 , 358.07 , 188.30
354.40 , 191.76 , 357.22 , 190.84
354.23 , 194.87 , 357.04 , 194.02
354.23 , 194.87 , 357.04 , 194.02
354.23 , 194.87 , 357.04 , 194.02
355.44 , 194.77 , 358.20 , 194.01
355.27 , 197.60 , 358.58 , 196.51
355.27 , 197.60 , 358.58 , 196.51
355.27 , 197.60 , 358.58 , 196.51
355.10 , 200.44 , 359.02 , 198.98
355.10 , 200.44 , 359.02 , 198.98
353.33 , 200.68 , 357.29 , 199.13
353.53 , 197.81 , 356.88 , 196.64
353.53 , 197.81 , 356.88 , 196.64
353.53 , 197.81 , 356.88 , 196.64
353.53 , 197.81 , 356.88 , 196.64
353.75 , 194.70 , 357.12 , 193.44
353.75 , 194.70 , 357.12 , 193.44
353.97 , 191.58 , 357.31 , 190.25
353.97 , 191.58 , 357.31 , 190.25
354.19 , 188.45 , 357.44 , 187.08
355.47 , 188.31 , 358.66 , 187.05
355.47 , 188.31 , 358.66 , 187.05
354.00 , 191.33 , 357.87 , 189.52
355.47 , 188.31 , 358.66 , 187.05
355.47 , 188.31 , 358.66 , 187.05
355.47 , 188.31 , 358.66 , 187.05
355.25 , 191.18 , 359.07 , 189.47
355.25 , 191.18 , 359.07 , 189.47
355.47 , 188.31 , 358.66 , 187.05
354.19 , 188.45 , 357.44 , 187.08
355.47 , 188.31 , 358.66 , 187.05
355.47 , 188.31 , 358.66 , 187.05
355.47 , 188.31 , 358.66 , 187.05
355.47 , 188.31 , 358.66 , 187.05
355.47 , 188.31 , 358.66 , 187.05
355.47 , 188.31 , 358.66 , 187.05
355.70 , 185.47 , 358.30 , 184.60
355.70 , 185.47 , 358.30 , 184.60
355.91 , 182.66 , 357.98 , 182.12
355.70 , 185.47 , 358.30 , 184.60
355.70 , 185.47 , 358.30 , 184.60
354.17 , 188.74 , 356.93 , 187.77
354.17 , 188.74 , 356.93 , 187.77
353.97 , 191.58 , 357.31 , 190.25
354.17 , 188.74 , 356.93 , 187.77
355.22 , 191.46 , 358.50 , 190.23
355.44 , 188.62 , 358.14 , 187.76
355.22 , 191.46 , 358.50 , 190.23
355.70 , 185.47 , 358.30 , 184.60
355.22 , 191.46 , 358.50 , 190.23
355.44 , 188.62 , 358.14 , 187.76
355.22 , 191.46 , 358.50 , 190.23
355.44 , 188.62 , 358.14 , 187.76
355.44 , 188.62 , 358.14 , 187.76
355.41 , 188.94 , 357.63 , 188.43
355.19 , 191.75 , 357.93 , 190.94
355.19 , 191.75 , 357.93 , 190.94
354.36 , 185.92 , 356.60 , 185.26
354.36 , 185.92 , 356.60 , 185.26
354.14 , 189.04 , 356.43 , 188.42
353.95 , 191.86 , 356.75 , 190.94
354.14 , 189.04 , 356.43 , 188.42
354.14 , 189.04 , 356.43 , 188.42
355.16 , 192.06 , 357.37 , 191.61
354.14 , 189.04 , 356.43 , 188.42
355.16 , 192.06 , 357.37 , 191.61
355.16 , 192.06 , 357.37 , 191.61
357.04 , 189.12 , 358.78 , 188.97
356.85 , 191.89 , 359.04 , 191.51
355.16 , 192.06 , 357.37 , 191.61
354.94 , 194.87 , 357.67 , 194.14
353.95 , 191.86 , 356.75 , 190.94
354.17 , 188.74 , 356.93 , 187.77
355.70 , 185.47 , 358.30 , 184.60
355.44 , 188.62 , 358.14 , 187.76
355.44 , 188.62 , 358.14 , 187.76
355.44 , 188.62 , 358.14 , 187.76
355.91 , 182.66 , 357.98 , 182.12
355.66 , 185.81 , 357.84 , 185.27
357.30 , 185.61 , 359.46 , 185.14
355.66 , 185.81 , 357.84 , 185.27
355.66 , 185.81 , 357.84 , 185.27
355.66 , 185.81 , 357.84 , 185.27
355.66 , 185.81 , 357.84 , 185.27
355.66 , 185.81 , 357.84 , 185.27
355.41 , 188.94 , 357.63 , 188.43
355.41 , 188.94 , 357.63 , 188.43
353.95 , 191.86 , 356.75 , 190.94
353.95 , 191.86 , 356.75 , 190.94
353.95 , 191.86 , 356.75 , 190.94
353.75 , 194.70 , 357.12 , 193.44
353.53 , 197.81 , 356.88 , 196.64
355.27 , 197.60 , 358.58 , 196.51
353.53 , 197.81 , 356.88 , 196.64
355.27 , 197.60 , 358.58 , 196.51
355.46 , 194.47 , 358.80 , 193.30
355.46 , 194.47 , 358.80 , 193.30
356.46 , 197.50 , 359.72 , 196.50
355.44 , 194.77 , 358.20 , 194.01
354.72 , 197.71 , 358.01 , 196.64
356.65 , 194.68 , 359.36 , 194.02
355.63 , 191.65 , 358.41 , 190.81
355.83 , 188.52 , 358.57 , 187.63
355.63 , 191.65 , 358.41 , 190.81
355.63 , 191.65 , 358.41 , 190.81
355.63 , 191.65 , 358.41 , 190.81
355.61 , 191.98 , 357.86 , 191.48
355.61 , 191.98 , 357.86 , 191.48
355.44 , 194.77 , 358.20 , 194.01
355.61 , 191.98 , 357.86 , 191.48
355.61 , 191.98 , 357.86 , 191.48
355.61 , 191.98 , 357.86 , 191.48
355.61 , 191.98 , 357.86 , 191.48
355.61 , 191.98 , 357.86 , 191.48
355.61 , 191.98 , 357.86 , 191.48
355.78 , 189.21 , 357.58 , 188.94
355.61 , 191.98 , 357.86 , 191.48
355.61 , 191.98 , 357.86 , 191.48
355.61 , 191.98 , 357.86 , 191.48
355.61 , 191.98 , 357.86 , 191.48
355.61 , 191.98 , 357.86 , 191.48
355.61 , 191.98 , 357.86 , 191.48
355.61 , 191.98 , 357.86 , 191.48
355.44 , 194.77 , 358.20 , 194.01
355.61 , 191.98 , 357.86 , 191.48
353.92 , 192.15 , 356.20 , 191.59
353.72 , 194.97 , 356.51 , 194.12
353.72 , 194.97 , 356.51 , 194.12
353.72 , 194.97 , 356.51 , 194.12
353.72 , 194.97 , 356.51 , 194.12
353.92 , 192.15 , 356.20 , 191.59
353.92 , 192.15 , 356.20 , 191.59
354.91 , 195.17 , 357.06 , 194.81
355.41 , 195.09 , 357.60 , 194.68
355.41 , 195.09 , 357.60 , 194.68
355.58 , 192.32 , 357.32 , 192.12
355.58 , 192.32 , 357.32 , 192.12
355.39 , 195.43 , 357.01 , 195.30
355.41 , 195.09 , 357.60 , 194.68
354.21 , 195.17 , 356.45 , 194.67
355.22 , 198.20 , 357.29 , 197.88
355.03 , 201.31 , 356.92 , 201.09
355.03 , 201.31 , 356.92 , 201.09
355.03 , 201.31 , 356.92 , 201.09
355.03 , 201.31 , 356.92 , 201.09
355.03 , 201.31 , 356.92 , 201.09
355.03 , 201.31 , 356.92 , 201.09
355.03 , 201.31 , 356.92 , 201.09
355.03 , 201.31 , 356.92 , 201.09
354.83 , 204.42 , 356.50 , 204.30
354.66 , 207.21 , 356.82 , 206.90
354.83 , 204.42 , 356.50 , 204.30
355.03 , 201.31 , 356.92 , 201.09
354.83 , 204.42 , 356.50 , 204.30
354.83 , 204.42 , 356.50 , 204.30
354.86 , 204.10 , 357.24 , 203.67
355.22 , 198.20 , 357.29 , 197.88
353.90 , 201.07 , 356.51 , 200.43
353.90 , 201.07 , 356.51 , 200.43
354.86 , 204.10 , 357.24 , 203.67
354.86 , 204.10 , 357.24 , 203.67
354.86 , 204.10 , 357.24 , 203.67
354.88 , 203.82 , 357.99 , 202.98
353.09 , 204.01 , 356.23 , 203.08
353.31 , 200.91 , 356.58 , 199.85
355.24 , 197.89 , 357.93 , 197.22
355.44 , 194.77 , 358.20 , 194.01
355.63 , 191.65 , 358.41 , 190.81
355.27 , 197.60 , 358.58 , 196.51
353.95 , 191.86 , 356.75 , 190.94
355.44 , 188.62 , 358.14 , 187.76
353.95 , 191.86 , 356.75 , 190.94
355.19 , 191.75 , 357.93 , 190.94
355.19 , 191.75 , 357.93 , 190.94
353.95 , 191.86 , 356.75 , 190.94
355.63 , 191.65 , 358.41 , 190.81
355.66 , 191.34 , 358.96 , 190.10
353.97 , 191.58 , 357.31 , 190.25
354.17 , 188.74 , 356.93 , 187.77
353.97 , 191.58 , 357.31 , 190.25
354.17 , 188.74 , 356.93 , 187.77
353.97 , 191.58 , 357.31 , 190.25
355.22 , 191.46 , 358.50 , 190.23
357.10 , 188.40 , 359.78 , 187.62
357.10 , 188.40 , 359.78 , 187.62
356.68 , 194.36 , 359.97 , 193.28
356.68 , 194.36 , 359.97 , 193.28
356.68 , 194.36 , 359.97 , 193.28
355.44 , 194.77 , 358.20 , 194.01
356.68 , 194.36 , 359.97 , 193.28
355.63 , 191.65 , 358.41 , 190.81
356.88 , 191.55 , 359.60 , 190.81
355.63 , 191.65 , 358.41 , 190.81
356.68 , 194.36 , 359.97 , 193.28
356.68 , 194.36 , 359.97 , 193.28
356.68 , 194.36 , 359.97 , 193.28
356.88 , 191.55 , 359.60 , 190.81
356.65 , 194.68 , 359.36 , 194.02
356.65 , 194.68 , 359.36 , 194.02
355.24 , 197.89 , 357.93 , 197.22
356.43 , 197.81 , 359.06 , 197.24
356.43 , 197.81 , 359.06 , 197.24
356.43 , 197.81 , 359.06 , 197.24
355.05 , 201.00 , 357.61 , 200.44
355.05 , 201.00 , 357.61 , 200.44
355.22 , 198.20 , 357.29 , 197.88
355.05 , 201.00 , 357.61 , 200.44
355.05 , 201.00 , 357.61 , 200.44
355.05 , 201.00 , 357.61 , 200.44
354.69 , 206.93 , 357.61 , 206.22
353.59 , 206.99 , 356.56 , 206.22
353.59 , 206.99 , 356.56 , 206.22
353.59 , 206.99 , 356.56 , 206.22
353.59 , 206.99 , 356.56 , 206.22
353.59 , 206.99 , 356.56 , 206.22
353.44 , 209.84 , 356.99 , 208.77
353.59 , 206.99 , 356.56 , 206.22
353.43 , 210.08 , 356.16 , 209.46
354.49 , 210.03 , 357.18 , 209.48
354.66 , 207.21 , 356.82 , 206.90
354.66 , 207.21 , 356.82 , 206.90
354.66 , 207.21 , 356.82 , 206.90
354.49 , 210.03 , 357.18 , 209.48
354.49 , 210.03 , 357.18 , 209.48
354.30 , 213.14 , 356.70 , 212.74
354.32 , 212.88 , 357.59 , 212.04
354.49 , 210.03 , 357.18 , 209.48
354.49 , 210.03 , 357.18 , 209.48
354.49 , 210.03 , 357.18 , 209.48
354.69 , 206.93 , 357.61 , 206.22
354.69 , 206.93 , 357.61 , 206.22
354.69 , 206.93 , 357.61 , 206.22
354.88 , 203.82 , 357.99 , 202.98
356.01 , 203.74 , 359.06 , 202.99
355.07 , 200.71 , 358.31 , 199.74
354.88 , 203.82 , 357.99 , 202.98
354.88 , 203.82 , 357.99 , 202.98
355.07 , 200.71 , 358.31 , 199.74
356.01 , 203.74 , 359.06 , 202.99
356.23 , 200.62 , 359.42 , 199.74
353.53 , 197.81 , 356.88 , 196.64
353.72 , 194.97 , 356.51 , 194.12
353.72 , 194.97 , 356.51 , 194.12
353.31 , 200.91 , 356.58 , 199.85
355.24 , 197.89 , 357.93 , 197.22
355.05 , 201.00 , 357.61 , 200.44
355.05 , 201.00 , 357.61 , 200.44
353.28 , 201.16 , 355.88 , 200.53
353.06 , 204.26 , 355.48 , 203.75
353.28 , 201.16 , 355.88 , 200.53
354.86 , 204.10 , 357.24 , 203.67
354.86 , 204.10 , 357.24 , 203.67
353.06 , 204.26 , 355.48 , 203.75
353.06 , 204.26 , 355.48 , 203.75
354.66 , 207.21 , 356.82 , 206.90
354.86 , 204.10 , 357.24 , 203.67
353.06 , 204.26 , 355.48 , 203.75
354.86 , 204.10 , 357.24 , 203.67
355.05 , 201.00 , 357.61 , 200.44
354.86 , 204.10 , 357.24 , 203.67
353.06 , 204.26 , 355.48 , 203.75
354.88 , 203.82 , 357.99 , 202.98
354.86 , 204.10 , 357.24 , 203.67
354.69 , 206.93 , 357.61 , 206.22
354.69 , 206.93 , 357.61 , 206.22
354.86 , 204.10 , 357.24 , 203.67
354.66 , 207.21 , 356.82 , 206.90
354.66 , 207.21 , 356.82 , 206.90
354.66 , 207.21 , 356.82 , 206.90
354.47 , 210.32 , 356.34 , 210.14
354.47 , 210.32 , 356.34 , 210.14
354.47 , 210.32 , 356.34 , 210.14
354.45 , 210.63 , 355.51 , 210.74
354.64 , 207.52 , 356.03 , 207.52
354.45 , 210.63 , 355.51 , 210.74
354.28 , 213.43 , 355.81 , 213.38
354.08 , 216.54 , 355.23 , 216.62
354.25 , 213.74 , 354.93 , 213.95
354.45 , 210.63 , 355.51 , 210.74
354.45 , 210.63 , 355.51 , 210.74
354.45 , 210.63 , 355.51 , 210.74
354.25 , 213.74 , 354.93 , 213.95
354.45 , 210.63 , 355.51 , 210.74
354.45 , 210.63 , 355.51 , 210.74
354.64 , 207.52 , 356.03 , 207.52
354.61 , 207.86 , 355.25 , 208.09
355.92 , 204.72 , 356.83 , 204.98
355.70 , 207.83 , 356.28 , 208.19
354.61 , 207.86 , 355.25 , 208.09
354.61 , 207.86 , 355.25 , 208.09
355.70 , 207.83 , 356.28 , 208.19
355.70 , 207.83 , 356.28 , 208.19
355.92 , 204.72 , 356.83 , 204.98
354.81 , 204.75 , 355.77 , 204.89
355.70 , 207.83 , 356.28 , 208.19
354.81 , 204.75 , 355.77 , 204.89
354.81 , 204.75 , 355.77 , 204.89
355.92 , 204.72 , 356.83 , 204.98
356.11 , 201.97 , 356.64 , 202.35
356.11 , 201.97 , 356.64 , 202.35
356.11 , 201.97 , 356.64 , 202.35
355.92 , 204.72 , 356.83 , 204.98
354.81 , 204.75 , 355.77 , 204.89
354.81 , 204.75 , 355.77 , 204.89
355.00 , 201.64 , 356.24 , 201.69
354.81 , 204.75 , 355.77 , 204.89
354.81 , 204.75 , 355.77 , 204.89
354.64 , 207.52 , 356.03 , 207.52
355.92 , 204.72 , 356.83 , 204.98
355.92 , 204.72 , 356.83 , 204.98
355.92 , 204.72 , 356.83 , 204.98
355.73 , 207.48 , 357.06 , 207.60
354.64 , 207.52 , 356.03 , 207.52
355.73 , 207.48 , 357.06 , 207.60
354.64 , 207.52 , 356.03 , 207.52
354.64 , 207.52 , 356.03 , 207.52
354.64 , 207.52 , 356.03 , 207.52
354.45 , 210.63 , 355.51 , 210.74
354.47 , 210.32 , 356.34 , 210.14
354.64 , 207.52 , 356.03 , 207.52
354.47 , 210.32 , 356.34 , 210.14
354.28 , 213.43 , 355.81 , 213.38
354.28 , 213.43 , 355.81 , 213.38
355.09 , 216.51 , 356.18 , 216.70
355.09 , 216.51 , 356.18 , 216.70
355.09 , 216.51 , 356.18 , 216.70
355.31 , 213.39 , 356.79 , 213.45
355.31 , 213.39 , 356.79 , 213.45
355.54 , 210.27 , 357.35 , 210.20
353.69 , 210.39 , 355.54 , 210.27
353.69 , 210.39 , 355.54 , 210.27
353.69 , 210.39 , 355.54 , 210.27
353.69 , 210.39 , 355.54 , 210.27
353.69 , 210.39 , 355.54 , 210.27
353.44 , 213.49 , 354.95 , 213.52
353.69 , 210.39 , 355.54 , 210.27
353.47 , 213.23 , 355.85 , 212.88
353.72 , 210.13 , 356.39 , 209.61
353.72 , 210.13 , 356.39 , 209.61
353.72 , 210.13 , 356.39 , 209.61
353.72 , 210.13 , 356.39 , 209.61
353.97 , 207.04 , 356.87 , 206.36
353.97 , 207.04 , 356.87 , 206.36
353.72 , 210.13 , 356.39 , 209.61
353.72 , 210.13 , 356.39 , 209.61
353.94 , 207.29 , 356.07 , 207.03
353.94 , 207.29 , 356.07 , 207.03
353.94 , 207.29 , 356.07 , 207.03
353.94 , 207.29 , 356.07 , 207.03
353.94 , 207.29 , 356.07 , 207.03
354.19 , 204.20 , 356.55 , 203.80
354.19 , 204.20 , 356.55 , 203.80
353.94 , 207.29 , 356.07 , 207.03
353.94 , 207.29 , 356.07 , 207.03
355.98 , 204.04 , 358.31 , 203.71
355.98 , 204.04 , 358.31 , 203.71
355.05 , 201.00 , 357.61 , 200.44
355.05 , 201.00 , 357.61 , 200.44
353.06 , 204.26 , 355.48 , 203.75
353.09 , 204.01 , 356.23 , 203.08
353.09 , 204.01 , 356.23 , 203.08
353.09 , 204.01 , 356.23 , 203.08
352.87 , 207.10 , 355.83 , 206.32
352.87 , 207.10 , 355.83 , 206.32
352.87 , 207.10 , 355.83 , 206.32
352.87 , 207.10 , 355.83 , 206.32
352.65 , 210.19 , 355.38 , 209.57
352.65 , 210.19 , 355.38 , 209.57
351.58 , 210.24 , 354.36 , 209.54
352.65 , 210.19 , 355.38 , 209.57
352.85 , 207.35 , 355.03 , 206.98
353.06 , 204.26 , 355.48 , 203.75
353.28 , 201.16 , 355.88 , 200.53
353.09 , 204.01 , 356.23 , 203.08
352.87 , 207.10 , 355.83 , 206.32
353.09 , 204.01 , 356.23 , 203.08
353.09 , 204.01 , 356.23 , 203.08
353.09 , 204.01 , 356.23 , 203.08
353.09 , 204.01 , 356.23 , 203.08
353.09 , 204.01 , 356.23 , 203.08
353.31 , 200.91 , 356.58 , 199.85
353.31 , 200.91 , 356.58 , 199.85
353.31 , 200.91 , 356.58 , 199.85
353.28 , 201.16 , 355.88 , 200.53
353.28 , 201.16 , 355.88 , 200.53
353.50 , 198.07 , 356.22 , 197.32
354.44 , 201.09 , 356.97 , 200.57
353.28 , 201.16 , 355.88 , 200.53
353.28 , 201.16 , 355.88 , 200.53
353.28 , 201.16 , 355.88 , 200.53
354.44 , 201.09 , 356.97 , 200.57
354.44 , 201.09 , 356.97 , 200.57
355.05 , 201.00 , 357.61 , 200.44
355.05 , 201.00 , 357.61 , 200.44
355.24 , 197.89 , 357.93 , 197.22
355.24 , 197.89 , 357.93 , 197.22
355.24 , 197.89 , 357.93 , 197.22
355.24 , 197.89 , 357.93 , 197.22
355.41 , 195.09 , 357.60 , 194.68
355.41 , 195.09 , 357.60 , 194.68
355.41 , 195.09 , 357.60 , 194.68
352.50 , 195.33 , 354.76 , 194.75
353.48 , 198.35 , 355.57 , 197.96
353.48 , 198.35 , 355.57 , 197.96
353.48 , 198.35 , 355.57 , 197.96
353.48 , 198.35 , 355.57 , 197.96
353.48 , 198.35 , 355.57 , 197.96
353.70 , 195.25 , 355.91 , 194.77
355.58 , 192.32 , 357.32 , 192.12
355.39 , 195.43 , 357.01 , 195.30
355.00 , 201.64 , 356.24 , 201.69
356.14 , 201.60 , 357.32 , 201.77
356.14 , 201.60 , 357.32 , 201.77
357.71 , 155.74 , 358.61 , 204.90
357.32 , 158.92 , 357.50 , 211.33
357.48 , 156.20 , 357.30 , 208.68
357.09 , 159.38 , 356.00 , 215.04
358.63 , 220.90 , 356.40 , 221.31
358.63 , 220.90 , 356.40 , 221.31
357.80 , 217.70 , 356.21 , 218.01
357.92 , 215.01 , 356.02 , 215.29
358.06 , 211.83 , 356.69 , 212.15
357.92 , 215.01 , 356.02 , 215.29
359.80 , 215.08 , 357.87 , 215.23
358.04 , 212.33 , 355.88 , 212.57
358.18 , 209.15 , 356.55 , 209.45
356.35 , 153.98 , 354.74 , 209.47
356.66 , 149.71 , 355.30 , 203.65
353.77 , 203.18 , 352.46 , 203.48
355.08 , 200.08 , 354.14 , 200.52
355.08 , 200.08 , 354.14 , 200.52
355.43 , 194.28 , 354.67 , 194.72
355.43 , 194.28 , 354.67 , 194.72
355.43 , 194.28 , 354.67 , 194.72
354.24 , 194.27 , 353.52 , 194.57
356.07 , 142.28 , 355.65 , 191.47
355.79 , 145.44 , 354.71 , 197.70
355.93 , 143.86 , 355.21 , 194.59
355.52 , 148.60 , 353.56 , 203.87
355.10 , 153.38 , 351.45 , 213.01
354.68 , 158.22 , 348.89 , 221.94
354.82 , 156.60 , 349.80 , 218.99
355.21 , 150.71 , 351.45 , 210.23
355.21 , 150.71 , 351.45 , 210.23
355.07 , 152.32 , 350.65 , 213.21
355.33 , 148.06 , 351.49 , 207.47
354.90 , 152.90 , 348.95 , 216.27
355.19 , 149.66 , 350.70 , 210.43
355.88 , 141.69 , 354.18 , 195.38
356.16 , 138.53 , 355.21 , 189.23
357.40 , 138.57 , 356.42 , 189.40
357.70 , 134.34 , 356.98 , 183.65
357.87 , 132.76 , 357.39 , 180.55
357.87 , 132.76 , 357.39 , 180.55
358.20 , 129.58 , 358.05 , 174.32
358.37 , 127.98 , 358.29 , 171.20
358.37 , 127.98 , 358.29 , 171.20
358.37 , 127.98 , 358.29 , 171.20
358.20 , 129.58 , 358.05 , 174.32
358.20 , 129.58 , 358.05 , 174.32
358.20 , 129.58 , 358.05 , 174.32
358.20 , 129.58 , 358.05 , 174.32
358.20 , 129.58 , 358.05 , 174.32
359.78 , 127.98 , 359.66 , 171.35
358.54 , 126.38 , 358.48 , 168.07
358.54 , 126.38 , 358.48 , 168.07
358.84 , 122.14 , 358.73 , 162.33
358.84 , 122.14 , 358.73 , 162.33
360.25 , 161.85 , 360.16 , 162.31
360.11 , 165.00 , 360.05 , 165.44
360.14 , 164.47 , 360.07 , 164.92
360.14 , 164.47 , 360.07 , 164.92
360.28 , 161.32 , 360.12 , 161.79
360.28 , 161.32 , 360.12 , 161.79
360.28 , 161.32 , 360.12 , 161.79
360.28 , 161.32 , 360.12 , 161.79
360.28 , 161.32 , 360.12 , 161.79
360.00 , 167.62 , 359.96 , 168.05
359.86 , 170.76 , 359.79 , 171.18
359.72 , 173.90 , 359.57 , 174.31
359.97 , 168.14 , 359.89 , 168.57
361.61 , 164.45 , 361.49 , 165.06
361.27 , 170.76 , 361.17 , 171.33
361.40 , 168.15 , 361.29 , 168.74
361.40 , 168.15 , 361.29 , 168.74
361.57 , 165.00 , 361.47 , 165.60
361.74 , 161.84 , 361.61 , 162.46
361.74 , 161.84 , 361.61 , 162.46
361.57 , 165.00 , 361.47 , 165.60
361.74 , 161.84 , 361.61 , 162.46
361.91 , 158.67 , 361.68 , 159.33
362.26 , 152.31 , 361.66 , 153.07
362.26 , 152.31 , 361.66 , 153.07
362.26 , 152.31 , 361.66 , 153.07
362.26 , 152.31 , 361.66 , 153.07
362.80 , 142.65 , 361.20 , 143.78
361.27 , 139.53 , 359.32 , 140.61
362.98 , 139.39 , 360.94 , 140.71
362.98 , 139.39 , 360.94 , 140.71
362.98 , 139.39 , 360.94 , 140.71
363.35 , 132.81 , 360.23 , 134.64
363.72 , 126.12 , 359.30 , 128.67
361.42 , 136.27 , 358.98 , 137.57
361.42 , 136.27 , 358.98 , 137.57
363.72 , 126.12 , 359.30 , 128.67
363.59 , 128.72 , 359.23 , 131.34
362.24 , 107.94 , 358.54 , 134.43
362.83 , 101.76 , 357.64 , 125.87
363.35 , 132.81 , 360.23 , 134.64
363.22 , 135.42 , 360.16 , 137.28
361.97 , 108.80 , 359.40 , 137.76
361.97 , 108.80 , 359.40 , 137.76
361.60 , 113.13 , 359.59 , 143.43
361.60 , 113.13 , 359.59 , 143.43
361.39 , 114.83 , 359.83 , 146.48
362.13 , 154.92 , 361.56 , 155.67
362.13 , 154.92 , 361.56 , 155.67
360.57 , 154.99 , 360.06 , 155.56
361.01 , 145.39 , 359.55 , 146.30
362.31 , 151.71 , 361.47 , 152.56
360.46 , 157.61 , 360.03 , 158.16
360.17 , 163.95 , 360.08 , 164.39
362.18 , 154.33 , 361.42 , 155.16
362.00 , 157.53 , 361.51 , 158.26
360.17 , 163.95 , 360.08 , 164.39
360.17 , 163.95 , 360.08 , 164.39
361.82 , 160.72 , 361.54 , 161.38
361.65 , 163.89 , 361.51 , 164.51
362.22 , 182.85 , 361.78 , 183.31
362.50 , 176.52 , 362.40 , 177.02
362.36 , 179.68 , 362.12 , 180.17
362.36 , 179.68 , 362.12 , 180.17
362.47 , 177.08 , 362.18 , 177.58
363.48 , 183.45 , 362.73 , 184.06
363.66 , 180.28 , 363.14 , 180.92
363.66 , 180.28 , 363.14 , 180.92
363.66 , 180.28 , 363.14 , 180.92
363.32 , 186.63 , 362.26 , 187.19
362.05 , 186.58 , 361.02 , 186.97
360.59 , 183.35 , 359.85 , 183.86
360.59 , 183.35 , 359.85 , 183.86
360.93 , 177.05 , 360.62 , 177.61
361.10 , 173.91 , 360.92 , 174.47
361.10 , 173.91 , 360.92 , 174.47
361.10 , 173.91 , 360.92 , 174.47
361.27 , 170.76 , 361.17 , 171.33
361.27 , 170.76 , 361.17 , 171.33
361.27 , 170.76 , 361.17 , 171.33
361.27 , 170.76 , 361.17 , 171.33
361.27 , 170.76 , 361.17 , 171.33
361.27 , 170.76 , 361.17 , 171.33
359.86 , 170.76 , 359.79 , 171.18
359.86 , 170.76 , 359.79 , 171.18
359.44 , 180.17 , 358.97 , 180.56
359.02 , 189.61 , 357.66 , 189.86
360.45 , 196.08 , 358.22 , 196.02
358.88 , 192.77 , 357.12 , 192.94
359.16 , 186.46 , 358.15 , 186.77
359.58 , 177.03 , 359.30 , 177.44
359.72 , 173.90 , 359.57 , 174.31
359.83 , 171.28 , 359.68 , 171.70
359.86 , 170.76 , 359.79 , 171.18
359.86 , 170.76 , 359.79 , 171.18
360.11 , 165.00 , 360.05 , 165.44
360.11 , 165.00 , 360.05 , 165.44
360.11 , 165.00 , 360.05 , 165.44
360.11 , 165.00 , 360.05 , 165.44
361.57 , 165.00 , 361.47 , 165.60
360.25 , 161.85 , 360.16 , 162.31
360.25 , 161.85 , 360.16 , 162.31
360.25 , 161.85 , 360.16 , 162.31
360.54 , 155.54 , 360.20 , 156.06
361.12 , 142.77 , 359.61 , 143.67
361.12 , 142.77 , 359.61 , 143.67
360.98 , 145.98 , 359.84 , 146.75
360.98 , 145.98 , 359.84 , 146.75
361.27 , 139.53 , 359.32 , 140.61
361.27 , 139.53 , 359.32 , 140.61
361.27 , 139.53 , 359.32 , 140.61
360.54 , 104.62 , 357.52 , 131.98
360.23 , 108.96 , 357.77 , 137.67
361.73 , 129.69 , 358.12 , 131.57
360.59 , 105.53 , 356.97 , 131.68
361.73 , 129.69 , 358.12 , 131.57
360.59 , 105.53 , 356.97 , 131.68
360.41 , 107.25 , 357.40 , 134.67
360.41 , 107.25 , 357.40 , 134.67
359.87 , 112.33 , 358.35 , 143.75
361.12 , 142.77 , 359.61 , 143.67
361.27 , 139.53 , 359.32 , 140.61
361.42 , 136.27 , 358.98 , 137.57
360.23 , 108.96 , 357.77 , 137.67
360.41 , 107.25 , 357.40 , 134.67
360.41 , 107.25 , 357.40 , 134.67
360.23 , 108.96 , 357.77 , 137.67
359.87 , 112.33 , 358.35 , 143.75
361.12 , 142.77 , 359.61 , 143.67
361.12 , 142.77 , 359.61 , 143.67
359.87 , 112.33 , 358.35 , 143.75
358.21 , 112.44 , 356.75 , 143.68
358.46 , 108.15 , 356.58 , 137.96
358.35 , 110.79 , 356.47 , 140.64
358.21 , 112.44 , 356.75 , 143.68
358.06 , 114.09 , 356.98 , 146.74
359.23 , 149.26 , 358.47 , 149.75
359.87 , 112.33 , 358.35 , 143.75
359.87 , 112.33 , 358.35 , 143.75
359.87 , 112.33 , 358.35 , 143.75
359.70 , 113.99 , 358.55 , 146.82
359.18 , 118.91 , 358.83 , 156.10
359.18 , 118.91 , 358.83 , 156.10
359.18 , 118.91 , 358.83 , 156.10
359.18 , 118.91 , 358.83 , 156.10
359.18 , 118.91 , 358.83 , 156.10
358.67 , 123.75 , 358.60 , 165.45
358.84 , 122.14 , 358.73 , 162.33
358.84 , 122.14 , 358.73 , 162.33
358.84 , 122.14 , 358.73 , 162.33
358.84 , 122.14 , 358.73 , 162.33
359.01 , 120.53 , 358.81 , 159.21
359.01 , 120.53 , 358.81 , 159.21
359.01 , 120.53 , 358.81 , 159.21
359.01 , 120.53 , 358.81 , 159.21
360.53 , 120.50 , 360.28 , 159.36
359.35 , 117.28 , 358.79 , 153.00
359.35 , 117.28 , 358.79 , 153.00
360.93 , 117.22 , 360.31 , 153.12
360.93 , 117.22 , 360.31 , 153.12
359.35 , 117.28 , 358.79 , 153.00
359.22 , 119.91 , 358.69 , 155.63
359.22 , 119.91 , 358.69 , 155.63
358.67 , 123.75 , 358.60 , 165.45
358.84 , 122.14 , 358.73 , 162.33
358.84 , 122.14 , 358.73 , 162.33
359.18 , 118.91 , 358.83 , 156.10
359.01 , 120.53 , 358.81 , 159.21
359.01 , 120.53 , 358.81 , 159.21
360.40 , 158.70 , 360.21 , 159.18
359.01 , 120.53 , 358.81 , 159.21
359.01 , 120.53 , 358.81 , 159.21
361.91 , 158.67 , 361.68 , 159.33
361.91 , 158.67 , 361.68 , 159.33
359.01 , 120.53 , 358.81 , 159.21
359.01 , 120.53 , 358.81 , 159.21
360.54 , 155.54 , 360.20 , 156.06
359.18 , 118.91 , 358.83 , 156.10
359.18 , 118.91 , 358.83 , 156.10
359.18 , 118.91 , 358.83 , 156.10
359.18 , 118.91 , 358.83 , 156.10
359.18 , 118.91 , 358.83 , 156.10
360.54 , 155.54 , 360.20 , 156.06
360.54 , 155.54 , 360.20 , 156.06
359.18 , 118.91 , 358.83 , 156.10
359.18 , 118.91 , 358.83 , 156.10
359.18 , 118.91 , 358.83 , 156.10
359.18 , 118.91 , 358.83 , 156.10
358.06 , 114.09 , 356.98 , 146.74
359.70 , 113.99 , 358.55 , 146.82
360.98 , 145.98 , 359.84 , 146.75
359.52 , 115.64 , 358.70 , 149.90
359.70 , 113.99 , 358.55 , 146.82
359.70 , 113.99 , 358.55 , 146.82
359.70 , 113.99 , 358.55 , 146.82
359.70 , 113.99 , 358.55 , 146.82
359.70 , 113.99 , 358.55 , 146.82
359.18 , 118.91 , 358.83 , 156.10
359.35 , 117.28 , 358.79 , 153.00
359.18 , 118.91 , 358.83 , 156.10
359.01 , 120.53 , 358.81 , 159.21
358.84 , 122.14 , 358.73 , 162.33
360.40 , 158.70 , 360.21 , 159.18
360.83 , 149.18 , 360.02 , 149.84
361.12 , 142.77 , 359.61 , 143.67
359.46 , 142.88 , 358.01 , 143.60
359.46 , 142.88 , 358.01 , 143.60
360.98 , 145.98 , 359.84 , 146.75
359.34 , 146.08 , 358.27 , 146.67
361.38 , 136.92 , 359.43 , 137.96
361.38 , 136.92 , 359.43 , 137.96
359.67 , 137.04 , 357.79 , 137.88
361.69 , 130.38 , 358.68 , 131.88
359.90 , 130.55 , 356.99 , 131.82
361.69 , 130.38 , 358.68 , 131.88
359.66 , 113.01 , 358.84 , 147.26
359.43 , 143.45 , 358.36 , 144.02
360.40 , 158.70 , 360.21 , 159.18
360.40 , 158.70 , 360.21 , 159.18
360.54 , 155.54 , 360.20 , 156.06
359.01 , 120.53 , 358.81 , 159.21
359.18 , 118.91 , 358.83 , 156.10
357.78 , 117.34 , 357.27 , 152.90
359.18 , 118.91 , 358.83 , 156.10
358.84 , 122.14 , 358.73 , 162.33
360.25 , 161.85 , 360.16 , 162.31
358.77 , 161.87 , 358.70 , 162.18
359.01 , 120.53 , 358.81 , 159.21
357.50 , 120.56 , 357.33 , 159.10
359.01 , 120.53 , 358.81 , 159.21
357.50 , 120.56 , 357.33 , 159.10
357.50 , 120.56 , 357.33 , 159.10
359.01 , 120.53 , 358.81 , 159.21
359.01 , 120.53 , 358.81 , 159.21
358.84 , 122.14 , 358.73 , 162.33
359.01 , 120.53 , 358.81 , 159.21
359.01 , 120.53 , 358.81 , 159.21
359.01 , 120.53 , 358.81 , 159.21
358.87 , 123.16 , 358.70 , 161.84
358.71 , 124.78 , 358.62 , 164.95
358.71 , 124.78 , 358.62 , 164.95
358.37 , 127.98 , 358.29 , 171.20
360.43 , 158.16 , 360.12 , 158.67
360.43 , 158.16 , 360.12 , 158.67
360.28 , 161.32 , 360.12 , 161.79
360.00 , 167.62 , 359.96 , 168.05
360.00 , 167.62 , 359.96 , 168.05
360.28 , 161.32 , 360.12 , 161.79
360.28 , 161.32 , 360.12 , 161.79
360.43 , 158.16 , 360.12 , 158.67
360.86 , 148.60 , 359.78 , 149.37
360.72 , 151.80 , 359.95 , 152.46
360.28 , 161.32 , 360.12 , 161.79
360.40 , 158.70 , 360.21 , 159.18
360.40 , 158.70 , 360.21 , 159.18
360.54 , 155.54 , 360.20 , 156.06
360.33 , 122.13 , 360.17 , 162.49
361.74 , 161.84 , 361.61 , 162.46
361.91 , 158.67 , 361.68 , 159.33
360.53 , 120.50 , 360.28 , 159.36
359.93 , 125.36 , 359.80 , 168.74
361.23 , 171.30 , 361.05 , 171.88
361.57 , 165.00 , 361.47 , 165.60
361.57 , 165.00 , 361.47 , 165.60
360.13 , 123.75 , 360.02 , 165.61
361.74 , 161.84 , 361.61 , 162.46
358.84 , 122.14 , 358.73 , 162.33
359.01 , 120.53 , 358.81 , 159.21
360.53 , 120.50 , 360.28 , 159.36
358.34 , 126.95 , 358.17 , 171.69
358.37 , 127.98 , 358.29 , 171.20
358.37 , 127.98 , 358.29 , 171.20
359.78 , 127.98 , 359.66 , 171.35
359.97 , 126.37 , 359.88 , 168.22
359.97 , 126.37 , 359.88 , 168.22
359.97 , 126.37 , 359.88 , 168.22
359.97 , 126.37 , 359.88 , 168.22
359.58 , 129.59 , 359.38 , 174.48
361.61 , 164.45 , 361.49 , 165.06
361.61 , 164.45 , 361.49 , 165.06
361.44 , 167.61 , 361.36 , 168.19
361.44 , 167.61 , 361.36 , 168.19
361.57 , 165.00 , 361.47 , 165.60
359.83 , 171.28 , 359.68 , 171.70
361.23 , 171.30 , 361.05 , 171.88
361.40 , 168.15 , 361.29 , 168.74
359.97 , 168.14 , 359.89 , 168.57
360.25 , 161.85 , 360.16 , 162.31
360.25 , 161.85 , 360.16 , 162.31
360.25 , 161.85 , 360.16 , 162.31
358.84 , 122.14 , 358.73 , 162.33
358.84 , 122.14 , 358.73 , 162.33
358.84 , 122.14 , 358.73 , 162.33
358.84 , 122.14 , 358.73 , 162.33
358.84 , 122.14 , 358.73 , 162.33
358.84 , 122.14 , 358.73 , 162.33
358.84 , 122.14 , 358.73 , 162.33
358.67 , 123.75 , 358.60 , 165.45
358.67 , 123.75 , 358.60 , 165.45
358.67 , 123.75 , 358.60 , 165.45
358.67 , 123.75 , 358.60 , 165.45
358.84 , 122.14 , 358.73 , 162.33
359.01 , 120.53 , 358.81 , 159.21
359.35 , 117.28 , 358.79 , 153.00
359.52 , 115.64 , 358.70 , 149.90
359.52 , 115.64 , 358.70 , 149.90
359.52 , 115.64 , 358.70 , 149.90
359.66 , 113.01 , 358.84 , 147.26
359.66 , 113.01 , 358.84 , 147.26
359.52 , 115.64 , 358.70 , 149.90
359.52 , 115.64 , 358.70 , 149.90
359.35 , 117.28 , 358.79 , 153.00
359.52 , 115.64 , 358.70 , 149.90
359.52 , 115.64 , 358.70 , 149.90
359.52 , 115.64 , 358.70 , 149.90
359.52 , 115.64 , 358.70 , 149.90
359.49 , 114.65 , 358.94 , 150.36
359.35 , 117.28 , 358.79 , 153.00
359.35 , 117.28 , 358.79 , 153.00
359.35 , 117.28 , 358.79 , 153.00
357.22 , 123.75 , 357.18 , 165.31
360.25 , 161.85 , 360.16 , 162.31
359.01 , 120.53 , 358.81 , 159.21
359.52 , 115.64 , 358.70 , 149.90
359.52 , 115.64 , 358.70 , 149.90
359.87 , 112.33 , 358.35 , 143.75
359.56 , 116.62 , 358.46 , 149.46
359.70 , 113.99 , 358.55 , 146.82
359.87 , 112.33 , 358.35 , 143.75
359.87 , 112.33 , 358.35 , 143.75
359.87 , 112.33 , 358.35 , 143.75
360.23 , 108.96 , 357.77 , 137.67
360.41 , 107.25 , 357.40 , 134.67
360.23 , 108.96 , 357.77 , 137.67
360.23 , 108.96 , 357.77 , 137.67
360.23 , 108.96 , 357.77 , 137.67
361.52 , 96.60 , 353.96 , 117.25
360.77 , 103.78 , 356.48 , 128.73
360.77 , 103.78 , 356.48 , 128.73
360.77 , 103.78 , 356.48 , 128.73
360.59 , 105.53 , 356.97 , 131.68
360.41 , 107.25 , 357.40 , 134.67
360.41 , 107.25 , 357.40 , 134.67
361.55 , 112.21 , 359.94 , 143.86
360.05 , 110.65 , 358.09 , 140.70
359.35 , 117.28 , 358.79 , 153.00
359.35 , 117.28 , 358.79 , 153.00
360.54 , 155.54 , 360.20 , 156.06
360.93 , 117.22 , 360.31 , 153.12
361.18 , 116.51 , 360.00 , 149.55
361.34 , 113.89 , 360.12 , 146.93
361.13 , 115.56 , 360.24 , 150.02
361.55 , 112.21 , 359.94 , 143.86
361.34 , 113.89 , 360.12 , 146.93
362.09 , 155.50 , 361.70 , 156.20
362.67 , 145.26 , 361.12 , 146.39
362.67 , 145.26 , 361.12 , 146.39
362.67 , 145.26 , 361.12 , 146.39
362.67 , 145.26 , 361.12 , 146.39
361.60 , 113.13 , 359.59 , 143.43
362.13 , 154.92 , 361.56 , 155.67
361.91 , 158.67 , 361.68 , 159.33
361.91 , 158.67 , 361.68 , 159.33
361.78 , 161.28 , 361.57 , 161.92
362.26 , 152.31 , 361.66 , 153.07
362.09 , 155.50 , 361.70 , 156.20
362.09 , 155.50 , 361.70 , 156.20
361.74 , 161.84 , 361.61 , 162.46
361.23 , 171.30 , 361.05 , 171.88
361.06 , 174.45 , 360.75 , 175.01
361.06 , 174.45 , 360.75 , 175.01
361.57 , 165.00 , 361.47 , 165.60
361.74 , 161.84 , 361.61 , 162.46
361.70 , 162.40 , 361.64 , 163.01
361.87 , 159.24 , 361.76 , 159.87
361.91 , 158.67 , 361.68 , 159.33
362.09 , 155.50 , 361.70 , 156.20
362.26 , 152.31 , 361.66 , 153.07
361.34 , 113.89 , 360.12 , 146.93
361.13 , 115.56 , 360.24 , 150.02
361.13 , 115.56 , 360.24 , 150.02
361.76 , 110.51 , 359.70 , 140.80
361.76 , 110.51 , 359.70 , 140.80
362.24 , 107.94 , 358.54 , 134.43
363.40 , 132.08 , 359.72 , 134.30
361.77 , 128.97 , 357.56 , 131.29
361.16 , 142.15 , 359.26 , 143.25
361.16 , 142.15 , 359.26 , 143.25
362.67 , 145.26 , 361.12 , 146.39
362.49 , 148.50 , 361.32 , 149.47
360.68 , 152.37 , 360.14 , 152.95
360.86 , 148.60 , 359.78 , 149.37
361.31 , 138.89 , 358.92 , 140.22
362.26 , 152.31 , 361.66 , 153.07
362.44 , 149.11 , 361.56 , 149.96
360.43 , 158.16 , 360.12 , 158.67
360.28 , 161.32 , 360.12 , 161.79
360.54 , 155.54 , 360.20 , 156.06
361.57 , 165.00 , 361.47 , 165.60
360.11 , 165.00 , 360.05 , 165.44
360.14 , 164.47 , 360.07 , 164.92
359.72 , 173.90 , 359.57 , 174.31
359.72 , 173.90 , 359.57 , 174.31
359.72 , 173.90 , 359.57 , 174.31
359.86 , 170.76 , 359.79 , 171.18
359.86 , 170.76 , 359.79 , 171.18
359.58 , 177.03 , 359.30 , 177.44
359.58 , 177.03 , 359.30 , 177.44
359.86 , 170.76 , 359.79 , 171.18
359.58 , 177.03 , 359.30 , 177.44
359.58 , 177.03 , 359.30 , 177.44
359.58 , 177.03 , 359.30 , 177.44
361.12 , 177.06 , 360.86 , 177.41
359.72 , 173.90 , 359.57 , 174.31
359.44 , 180.17 , 358.97 , 180.56
359.44 , 180.17 , 358.97 , 180.56
359.72 , 173.90 , 359.57 , 174.31
360.00 , 167.62 , 359.96 , 168.05
360.00 , 167.62 , 359.96 , 168.05
359.44 , 180.17 , 358.97 , 180.56
359.58 , 177.03 , 359.30 , 177.44
359.86 , 170.76 , 359.79 , 171.18
359.86 , 170.76 , 359.79 , 171.18
359.86 , 170.76 , 359.79 , 171.18
360.28 , 161.32 , 360.12 , 161.79
360.28 , 161.32 , 360.12 , 161.79
360.14 , 164.47 , 360.07 , 164.92
360.14 , 164.47 , 360.07 , 164.92
360.14 , 164.47 , 360.07 , 164.92
360.00 , 167.62 , 359.96 , 168.05
360.00 , 167.62 , 359.96 , 168.05
360.93 , 177.05 , 360.62 , 177.61
359.58 , 177.03 , 359.30 , 177.44
359.58 , 177.03 , 359.30 , 177.44
359.58 , 177.03 , 359.30 , 177.44
360.00 , 167.62 , 359.96 , 168.05
360.40 , 158.70 , 360.21 , 159.18
360.40 , 158.70 , 360.21 , 159.18
360.72 , 151.80 , 359.95 , 152.46
361.01 , 145.39 , 359.55 , 146.30
360.68 , 152.37 , 360.14 , 152.95
360.83 , 149.18 , 360.02 , 149.84
360.83 , 149.18 , 360.02 , 149.84
360.72 , 151.80 , 359.95 , 152.46
360.68 , 152.37 , 360.14 , 152.95
360.25 , 161.85 , 360.16 , 162.31
361.40 , 168.15 , 361.29 , 168.74
360.11 , 165.00 , 360.05 , 165.44
360.11 , 165.00 , 360.05 , 165.44
360.11 , 165.00 , 360.05 , 165.44
360.11 , 165.00 , 360.05 , 165.44
360.11 , 165.00 , 360.05 , 165.44
361.74 , 161.84 , 361.61 , 162.46
360.40 , 158.70 , 360.21 , 159.18
359.18 , 118.91 , 358.83 , 156.10
359.18 , 118.91 , 358.83 , 156.10
359.18 , 118.91 , 358.83 , 156.10
359.70 , 113.99 , 358.55 , 146.82
360.98 , 145.98 , 359.84 , 146.75
359.70 , 113.99 , 358.55 , 146.82
359.70 , 113.99 , 358.55 , 146.82
360.77 , 103.78 , 356.48 , 128.73
360.77 , 103.78 , 356.48 , 128.73
360.45 , 108.16 , 356.89 , 134.37
360.09 , 111.59 , 357.69 , 140.34
361.31 , 138.89 , 358.92 , 140.22
361.46 , 135.61 , 358.52 , 137.22
361.46 , 135.61 , 358.52 , 137.22
361.46 , 135.61 , 358.52 , 137.22
