200.86 , 153.45 , 201.78 , 158.84
203.18 , 153.45 , 204.44 , 159.65
197.92 , 153.45 , 199.27 , 159.81
197.92 , 153.45 , 199.27 , 159.81
200.20 , 155.20 , 202.14 , 161.85
203.13 , 155.23 , 204.55 , 160.89
203.13 , 155.23 , 204.55 , 160.89
203.13 , 155.23 , 204.55 , 160.89
200.80 , 155.21 , 201.87 , 160.05
200.80 , 155.21 , 201.87 , 160.05
195.46 , 155.17 , 196.60 , 160.14
197.30 , 151.11 , 199.86 , 158.26
195.46 , 155.17 , 196.60 , 160.14
194.97 , 151.07 , 197.09 , 157.40
194.97 , 151.07 , 197.09 , 157.40
194.96 , 152.79 , 197.08 , 158.57
192.57 , 151.04 , 194.31 , 156.51
195.45 , 156.88 , 196.62 , 161.32
194.96 , 152.79 , 197.08 , 158.57
198.01 , 151.14 , 199.64 , 156.44
197.99 , 152.87 , 199.62 , 157.64
194.96 , 152.79 , 197.08 , 158.57
197.99 , 152.87 , 199.62 , 157.64
200.33 , 152.93 , 202.32 , 158.52
198.38 , 156.93 , 199.19 , 160.39
198.38 , 156.93 , 199.19 , 160.39
200.79 , 156.97 , 201.89 , 161.27
200.79 , 156.97 , 201.89 , 161.27
200.80 , 155.21 , 201.87 , 160.05
200.80 , 155.21 , 201.87 , 160.05
200.80 , 155.21 , 201.87 , 160.05
203.64 , 155.24 , 204.38 , 159.12
203.13 , 155.23 , 204.55 , 160.89
203.13 , 155.23 , 204.55 , 160.89
205.40 , 155.25 , 207.23 , 161.71
208.23 , 155.28 , 209.57 , 160.78
208.23 , 155.28 , 209.57 , 160.78
208.23 , 155.28 , 209.57 , 160.78
205.97 , 155.26 , 206.97 , 159.96
205.97 , 155.26 , 206.97 , 159.96
203.64 , 155.24 , 204.38 , 159.12
205.97 , 155.26 , 206.97 , 159.96
208.72 , 155.29 , 209.41 , 159.05
210.98 , 155.31 , 211.93 , 159.87
213.19 , 155.32 , 214.44 , 160.67
215.33 , 155.34 , 216.95 , 161.45
216.84 , 151.44 , 219.84 , 159.45
218.83 , 151.47 , 222.34 , 160.19
218.10 , 147.54 , 222.85 , 157.45
220.76 , 151.50 , 224.82 , 160.92
220.82 , 153.44 , 224.91 , 162.35
220.82 , 153.44 , 224.91 , 162.35
219.98 , 147.58 , 225.32 , 158.17
218.10 , 147.54 , 222.85 , 157.45
217.90 , 163.10 , 219.53 , 169.39
216.77 , 178.58 , 217.92 , 179.69
218.95 , 188.15 , 221.65 , 185.64
218.72 , 190.16 , 222.29 , 186.94
218.85 , 170.79 , 219.32 , 173.29
213.10 , 159.23 , 214.48 , 165.12
211.97 , 151.36 , 215.16 , 159.61
213.48 , 143.47 , 218.56 , 153.23
212.17 , 147.42 , 215.39 , 155.17
212.73 , 151.39 , 214.84 , 157.91
212.73 , 151.39 , 214.84 , 157.91
211.03 , 153.46 , 211.83 , 158.56
210.98 , 155.31 , 211.93 , 159.87
210.98 , 155.31 , 211.93 , 159.87
211.28 , 159.24 , 211.67 , 162.63
210.98 , 155.31 , 211.93 , 159.87
210.98 , 155.31 , 211.93 , 159.87
211.28 , 159.24 , 211.67 , 162.63
211.28 , 159.24 , 211.67 , 162.63
211.28 , 159.24 , 211.67 , 162.63
213.19 , 155.32 , 214.44 , 160.67
213.22 , 153.45 , 214.33 , 159.34
211.03 , 153.46 , 211.83 , 158.56
211.33 , 157.39 , 211.55 , 161.33
211.33 , 157.39 , 211.55 , 161.33
211.33 , 157.39 , 211.55 , 161.33
209.00 , 157.41 , 209.05 , 160.53
209.00 , 157.41 , 209.05 , 160.53
214.10 , 157.37 , 214.01 , 158.72
214.10 , 157.37 , 214.01 , 158.72
225.71 , 157.27 , 226.46 , 154.54
223.51 , 157.29 , 223.97 , 155.34
225.71 , 157.27 , 226.46 , 154.54
225.71 , 157.27 , 226.46 , 154.54
225.83 , 157.27 , 226.04 , 156.14
223.51 , 157.29 , 223.97 , 155.34
223.57 , 157.29 , 223.62 , 156.96
223.47 , 159.24 , 223.65 , 158.38
218.93 , 157.33 , 218.98 , 156.99
218.93 , 157.33 , 218.98 , 156.99
216.55 , 157.35 , 216.49 , 157.85
216.46 , 159.24 , 216.55 , 159.20
216.56 , 153.48 , 216.74 , 155.08
216.56 , 153.48 , 216.74 , 155.08
211.72 , 153.48 , 211.92 , 155.14
211.72 , 153.48 , 211.92 , 155.14
211.72 , 153.48 , 211.92 , 155.14
209.32 , 153.48 , 209.57 , 154.30
209.32 , 153.48 , 209.57 , 154.30
211.72 , 153.48 , 211.92 , 155.14
206.73 , 153.48 , 206.95 , 155.20
206.64 , 155.28 , 206.98 , 156.46
206.73 , 153.48 , 206.95 , 155.20
206.73 , 153.48 , 206.95 , 155.20
204.19 , 151.68 , 204.21 , 154.87
204.19 , 151.68 , 204.21 , 154.87
204.19 , 151.68 , 204.21 , 154.87
204.19 , 151.68 , 204.21 , 154.87
206.74 , 149.83 , 206.49 , 154.43
206.31 , 147.67 , 207.16 , 152.92
206.31 , 147.67 , 207.16 , 152.92
206.31 , 147.67 , 207.16 , 152.92
206.31 , 147.67 , 207.16 , 152.92
206.31 , 147.67 , 207.16 , 152.92
206.31 , 147.67 , 207.16 , 152.92
208.44 , 149.49 , 209.77 , 155.00
206.12 , 151.29 , 207.31 , 155.46
206.12 , 151.29 , 207.31 , 155.46
206.12 , 151.29 , 207.31 , 155.46
208.37 , 153.15 , 209.81 , 157.58
203.62 , 157.02 , 204.38 , 160.36
206.38 , 155.27 , 206.89 , 158.21
206.38 , 155.27 , 206.89 , 158.21
206.38 , 155.27 , 206.89 , 158.21
203.64 , 155.24 , 204.38 , 159.12
203.62 , 157.02 , 204.38 , 160.36
206.36 , 157.08 , 206.88 , 159.47
203.62 , 157.02 , 204.38 , 160.36
206.09 , 160.67 , 206.83 , 163.75
205.67 , 156.68 , 207.19 , 161.00
205.67 , 156.68 , 207.19 , 161.00
205.67 , 156.68 , 207.19 , 161.00
205.13 , 152.65 , 207.71 , 158.27
205.27 , 154.46 , 207.47 , 159.52
200.22 , 155.92 , 202.08 , 160.63
200.22 , 155.92 , 202.08 , 160.63
200.79 , 160.00 , 201.58 , 163.36
203.09 , 160.14 , 204.35 , 164.32
203.34 , 161.96 , 204.00 , 165.53
203.34 , 161.96 , 204.00 , 165.53
205.90 , 163.99 , 206.38 , 167.72
205.90 , 163.99 , 206.38 , 167.72
205.90 , 163.99 , 206.38 , 167.72
205.90 , 163.99 , 206.38 , 167.72
205.20 , 159.94 , 206.82 , 164.99
205.59 , 162.13 , 206.78 , 166.50
205.59 , 162.13 , 206.78 , 166.50
205.59 , 162.13 , 206.78 , 166.50
205.59 , 162.13 , 206.78 , 166.50
205.34 , 160.28 , 207.11 , 165.26
208.23 , 160.46 , 209.37 , 164.43
208.23 , 160.46 , 209.37 , 164.43
208.04 , 158.61 , 209.64 , 163.17
207.89 , 156.77 , 209.83 , 161.89
207.89 , 156.77 , 209.83 , 161.89
204.82 , 153.03 , 207.70 , 160.23
204.87 , 154.84 , 207.66 , 161.50
204.87 , 154.84 , 207.66 , 161.50
204.98 , 156.64 , 207.55 , 162.76
208.04 , 158.61 , 209.64 , 163.17
205.93 , 164.30 , 206.78 , 168.01
205.46 , 158.85 , 207.26 , 164.24
205.59 , 162.13 , 206.78 , 166.50
205.59 , 162.13 , 206.78 , 166.50
207.80 , 154.94 , 209.96 , 160.61
204.87 , 154.84 , 207.66 , 161.50
204.82 , 153.03 , 207.70 , 160.23
204.82 , 153.03 , 207.70 , 160.23
207.75 , 153.12 , 210.01 , 159.32
207.74 , 151.30 , 210.00 , 158.03
209.90 , 153.17 , 212.61 , 160.14
206.97 , 153.09 , 210.38 , 161.06
206.95 , 151.27 , 210.33 , 159.77
206.95 , 151.27 , 210.33 , 159.77
206.95 , 151.27 , 210.33 , 159.77
206.95 , 151.27 , 210.33 , 159.77
206.95 , 151.27 , 210.33 , 159.77
206.97 , 149.44 , 210.21 , 158.47
207.70 , 151.61 , 209.54 , 159.94
207.70 , 151.61 , 209.54 , 159.94
207.70 , 151.61 , 209.54 , 159.94
205.52 , 151.64 , 206.90 , 159.19
205.52 , 151.64 , 206.90 , 159.19
201.89 , 147.61 , 205.05 , 157.43
204.93 , 147.62 , 207.39 , 156.43
204.93 , 147.62 , 207.39 , 156.43
204.84 , 149.43 , 207.57 , 157.70
204.84 , 149.43 , 207.57 , 157.70
202.66 , 149.42 , 204.92 , 156.90
202.66 , 149.42 , 204.92 , 156.90
202.66 , 149.42 , 204.92 , 156.90
202.61 , 151.20 , 205.00 , 158.14
202.61 , 151.20 , 205.00 , 158.14
202.61 , 151.20 , 205.00 , 158.14
202.61 , 151.20 , 205.00 , 158.14
208.38 , 151.32 , 209.82 , 156.29
211.14 , 151.38 , 212.25 , 155.40
218.92 , 151.54 , 219.60 , 152.83
228.30 , 151.74 , 230.08 , 148.13
238.69 , 151.95 , 242.74 , 144.75
240.96 , 151.98 , 244.33 , 145.56
238.96 , 151.94 , 241.86 , 146.20
234.85 , 151.86 , 236.91 , 147.54
230.23 , 155.51 , 231.62 , 151.73
225.22 , 163.03 , 226.37 , 158.77
223.09 , 163.05 , 223.89 , 159.55
223.61 , 155.44 , 224.19 , 153.99
221.37 , 151.59 , 222.07 , 152.02
218.96 , 155.40 , 219.56 , 153.95
218.96 , 155.40 , 219.56 , 153.95
216.43 , 159.24 , 216.80 , 157.53
216.65 , 151.51 , 217.39 , 152.00
214.13 , 151.45 , 214.86 , 152.83
211.63 , 155.33 , 211.95 , 156.45
211.72 , 153.48 , 211.92 , 155.14
211.63 , 149.55 , 212.32 , 152.37
209.12 , 153.47 , 209.37 , 156.03
208.95 , 149.52 , 209.79 , 153.27
209.12 , 153.47 , 209.37 , 156.03
209.12 , 153.47 , 209.37 , 156.03
209.12 , 153.47 , 209.37 , 156.03
209.12 , 153.47 , 209.37 , 156.03
208.95 , 149.52 , 209.79 , 153.27
208.95 , 149.52 , 209.79 , 153.27
209.12 , 153.47 , 209.37 , 156.03
206.45 , 153.47 , 206.83 , 156.95
209.12 , 153.47 , 209.37 , 156.03
209.25 , 151.63 , 209.25 , 154.75
206.57 , 151.65 , 206.70 , 155.68
206.57 , 151.65 , 206.70 , 155.68
208.88 , 151.63 , 209.18 , 156.48
208.88 , 151.63 , 209.18 , 156.48
209.11 , 155.57 , 208.88 , 159.25
216.19 , 159.33 , 216.19 , 164.29
217.91 , 159.29 , 219.03 , 166.64
220.51 , 163.07 , 221.57 , 170.09
222.59 , 163.00 , 224.12 , 170.74
222.62 , 161.05 , 223.71 , 169.33
222.62 , 161.05 , 223.71 , 169.33
223.12 , 164.85 , 223.83 , 172.11
225.19 , 164.74 , 226.36 , 172.71
222.62 , 161.05 , 223.71 , 169.33
224.64 , 160.97 , 226.24 , 169.94
224.64 , 160.97 , 226.24 , 169.94
226.59 , 157.08 , 228.19 , 166.19
226.59 , 157.08 , 228.19 , 166.19
224.00 , 157.17 , 226.25 , 167.16
223.99 , 159.14 , 226.65 , 168.59
222.01 , 159.19 , 224.12 , 167.96
222.01 , 159.19 , 224.12 , 167.96
224.02 , 155.31 , 226.23 , 164.24
222.03 , 157.29 , 224.03 , 165.01
222.06 , 159.23 , 224.23 , 166.44
220.00 , 157.31 , 221.54 , 164.31
220.01 , 159.23 , 221.72 , 165.72
220.01 , 159.23 , 221.72 , 165.72
220.14 , 163.08 , 221.88 , 168.52
220.27 , 165.01 , 221.86 , 169.93
219.72 , 161.15 , 222.03 , 167.16
217.82 , 166.87 , 219.74 , 172.15
217.81 , 163.00 , 219.35 , 167.72
218.50 , 168.81 , 219.00 , 171.85
218.02 , 164.93 , 219.14 , 169.09
221.14 , 169.02 , 220.59 , 171.04
219.30 , 170.85 , 217.58 , 171.43
219.24 , 168.98 , 217.27 , 169.96
216.22 , 166.74 , 215.69 , 169.39
218.55 , 164.97 , 218.26 , 167.34
216.40 , 168.69 , 215.89 , 170.85
218.71 , 166.90 , 218.40 , 168.77
214.27 , 170.52 , 213.50 , 171.37
214.04 , 168.61 , 213.79 , 170.07
213.85 , 166.72 , 214.01 , 168.75
213.48 , 162.81 , 214.18 , 165.99
213.48 , 162.81 , 214.18 , 165.99
213.71 , 164.84 , 214.16 , 167.43
211.40 , 164.78 , 211.59 , 166.55
211.40 , 164.78 , 211.59 , 166.55
211.02 , 159.00 , 211.91 , 162.49
210.98 , 157.15 , 211.95 , 161.18
206.28 , 161.04 , 206.75 , 163.99
206.29 , 159.24 , 206.70 , 162.72
206.29 , 159.24 , 206.70 , 162.72
206.29 , 159.24 , 206.70 , 162.72
206.29 , 159.24 , 206.70 , 162.72
206.29 , 159.24 , 206.70 , 162.72
208.62 , 159.23 , 209.30 , 163.54
208.62 , 159.23 , 209.30 , 163.54
208.66 , 157.41 , 209.16 , 162.26
208.66 , 157.41 , 209.16 , 162.26
208.66 , 157.41 , 209.16 , 162.26
208.66 , 157.41 , 209.16 , 162.26
208.28 , 153.45 , 209.46 , 159.50
208.28 , 153.45 , 209.46 , 159.50
208.28 , 153.45 , 209.46 , 159.50
203.18 , 153.45 , 204.44 , 159.65
208.23 , 155.28 , 209.57 , 160.78
205.40 , 155.25 , 207.23 , 161.71
205.40 , 155.25 , 207.23 , 161.71
203.13 , 155.23 , 204.55 , 160.89
203.13 , 155.23 , 204.55 , 160.89
202.61 , 151.20 , 205.00 , 158.14
203.13 , 155.23 , 204.55 , 160.89
203.13 , 155.23 , 204.55 , 160.89
205.97 , 155.26 , 206.97 , 159.96
205.97 , 155.26 , 206.97 , 159.96
200.24 , 153.44 , 202.01 , 160.63
203.18 , 153.45 , 204.44 , 159.65
200.24 , 153.44 , 202.01 , 160.63
203.13 , 155.23 , 204.55 , 160.89
211.62 , 159.24 , 211.71 , 159.21
224.29 , 142.10 , 226.18 , 142.66
219.65 , 138.11 , 222.39 , 139.92
216.87 , 134.06 , 220.74 , 138.03
216.32 , 126.10 , 223.01 , 132.69
213.91 , 128.02 , 219.34 , 134.82
213.91 , 128.02 , 219.34 , 134.82
213.49 , 123.97 , 220.58 , 132.16
210.92 , 127.82 , 216.81 , 135.72
203.17 , 131.52 , 208.25 , 139.41
205.29 , 131.55 , 210.61 , 140.24
202.11 , 131.38 , 208.10 , 141.20
201.35 , 127.19 , 209.34 , 138.53
194.89 , 122.60 , 205.85 , 136.04
193.73 , 126.88 , 201.89 , 137.81
190.19 , 126.64 , 199.30 , 138.80
190.19 , 126.64 , 199.30 , 138.80
190.05 , 128.34 , 199.27 , 140.00
193.59 , 128.61 , 201.85 , 139.03
193.59 , 128.61 , 201.85 , 139.03
194.51 , 131.14 , 200.57 , 140.47
194.36 , 132.87 , 200.55 , 141.68
195.00 , 137.07 , 199.41 , 144.37
195.15 , 135.34 , 199.41 , 143.17
195.15 , 135.34 , 199.41 , 143.17
197.98 , 139.51 , 200.97 , 146.74
195.51 , 141.22 , 198.44 , 147.07
195.66 , 139.50 , 198.42 , 145.88
195.51 , 141.22 , 198.44 , 147.07
197.98 , 139.51 , 200.97 , 146.74
197.98 , 139.51 , 200.97 , 146.74
198.43 , 143.61 , 200.15 , 149.48
198.30 , 145.36 , 200.22 , 150.68
200.55 , 147.14 , 202.81 , 152.77
195.68 , 149.39 , 196.92 , 154.38
195.61 , 151.10 , 196.96 , 155.56
195.61 , 151.10 , 196.96 , 155.56
198.01 , 151.14 , 199.64 , 156.44
193.44 , 153.47 , 193.77 , 156.26
197.92 , 153.45 , 199.27 , 159.81
200.24 , 153.44 , 202.01 , 160.63
200.24 , 153.44 , 202.01 , 160.63
205.43 , 153.45 , 207.10 , 160.45
207.63 , 153.44 , 209.75 , 161.22
209.76 , 153.44 , 212.39 , 161.98
209.76 , 153.44 , 212.39 , 161.98
211.83 , 153.43 , 215.03 , 162.71
215.83 , 153.43 , 220.27 , 164.12
215.87 , 155.32 , 220.48 , 165.51
218.70 , 155.35 , 222.46 , 164.58
216.71 , 155.34 , 219.89 , 163.86
215.98 , 151.42 , 220.28 , 161.11
214.00 , 151.39 , 217.72 , 160.37
211.06 , 151.33 , 215.62 , 161.31
214.04 , 153.27 , 217.80 , 161.73
209.07 , 153.14 , 213.05 , 161.86
212.00 , 153.22 , 215.21 , 160.95
207.15 , 156.73 , 210.27 , 163.64
210.42 , 160.59 , 212.04 , 165.36
210.42 , 160.59 , 212.04 , 165.36
212.56 , 160.73 , 214.71 , 166.26
210.01 , 158.48 , 212.16 , 163.91
209.11 , 158.41 , 212.77 , 165.66
207.79 , 162.28 , 209.55 , 167.45
208.10 , 164.17 , 209.18 , 168.70
205.51 , 165.83 , 206.60 , 170.73
208.10 , 164.17 , 209.18 , 168.70
205.13 , 163.94 , 207.04 , 169.51
205.13 , 163.94 , 207.04 , 169.51
207.79 , 162.28 , 209.55 , 167.45
201.85 , 154.72 , 205.38 , 162.41
202.90 , 158.34 , 204.62 , 163.10
198.15 , 162.14 , 199.08 , 165.77
198.15 , 162.14 , 199.08 , 165.77
200.51 , 162.24 , 201.91 , 166.71
197.79 , 159.82 , 199.17 , 164.20
197.30 , 152.84 , 199.87 , 159.46
197.34 , 154.58 , 199.80 , 160.65
197.59 , 158.06 , 199.46 , 163.03
198.35 , 163.90 , 198.82 , 166.95
201.49 , 165.84 , 200.90 , 167.29
198.61 , 165.67 , 198.49 , 168.12
201.49 , 165.84 , 200.90 , 167.29
202.13 , 171.68 , 200.37 , 171.24
204.56 , 167.84 , 202.90 , 167.68
204.80 , 171.84 , 202.79 , 170.46
199.61 , 171.52 , 197.56 , 170.21
198.92 , 167.47 , 198.09 , 169.27
199.36 , 171.52 , 197.95 , 172.04
199.05 , 169.72 , 198.33 , 170.88
199.05 , 169.72 , 198.33 , 170.88
198.60 , 169.71 , 198.87 , 172.71
199.05 , 169.72 , 198.33 , 170.88
196.15 , 169.57 , 195.91 , 171.72
196.15 , 169.57 , 195.91 , 171.72
196.28 , 167.83 , 195.78 , 168.72
193.69 , 167.72 , 192.91 , 167.72
193.69 , 167.72 , 192.91 , 167.72
193.22 , 161.92 , 193.38 , 163.83
198.63 , 162.15 , 198.76 , 163.95
198.63 , 162.15 , 198.76 , 163.95
198.63 , 162.15 , 198.76 , 163.95
195.99 , 160.32 , 196.23 , 161.81
195.99 , 160.32 , 196.23 , 161.81
195.99 , 160.32 , 196.23 , 161.81
195.91 , 158.60 , 196.39 , 160.65
195.89 , 156.89 , 196.48 , 159.48
195.58 , 152.82 , 196.92 , 156.73
195.89 , 156.89 , 196.48 , 159.48
195.91 , 171.40 , 196.39 , 169.35
196.14 , 165.00 , 196.14 , 165.00
198.51 , 177.10 , 199.56 , 174.18
198.51 , 177.10 , 199.56 , 174.18
204.00 , 165.00 , 204.04 , 165.89
203.62 , 157.02 , 204.38 , 160.36
208.24 , 157.10 , 209.61 , 162.07
208.24 , 157.10 , 209.61 , 162.07
207.75 , 153.12 , 210.01 , 159.32
212.00 , 153.22 , 215.21 , 160.95
212.00 , 153.22 , 215.21 , 160.95
216.88 , 153.35 , 219.90 , 160.84
215.21 , 149.35 , 220.88 , 159.77
218.87 , 153.40 , 222.41 , 161.60
220.82 , 153.44 , 224.91 , 162.35
220.82 , 153.44 , 224.91 , 162.35
220.04 , 149.53 , 225.39 , 159.61
218.87 , 153.40 , 222.41 , 161.60
216.88 , 153.35 , 219.90 , 160.84
214.00 , 151.39 , 217.72 , 160.37
216.84 , 151.44 , 219.84 , 159.45
211.97 , 151.36 , 215.16 , 159.61
211.97 , 151.36 , 215.16 , 159.61
209.88 , 151.33 , 212.58 , 158.83
209.88 , 151.33 , 212.58 , 158.83
209.88 , 151.33 , 212.58 , 158.83
206.95 , 151.27 , 210.33 , 159.77
206.95 , 151.27 , 210.33 , 159.77
204.81 , 151.23 , 207.67 , 158.97
202.61 , 151.20 , 205.00 , 158.14
203.28 , 151.23 , 204.81 , 156.37
203.13 , 155.23 , 204.55 , 160.89
200.34 , 151.17 , 202.33 , 157.30
203.64 , 155.24 , 204.38 , 159.12
203.28 , 151.23 , 204.81 , 156.37
203.28 , 151.23 , 204.81 , 156.37
203.34 , 149.45 , 204.76 , 155.12
203.34 , 149.45 , 204.76 , 155.12
203.34 , 149.45 , 204.76 , 155.12
203.28 , 151.23 , 204.81 , 156.37
203.28 , 151.23 , 204.81 , 156.37
203.28 , 151.23 , 204.81 , 156.37
206.12 , 151.29 , 207.31 , 155.46
214.03 , 147.54 , 215.38 , 150.08
208.60 , 147.37 , 210.37 , 151.82
206.33 , 147.33 , 207.94 , 150.96
219.06 , 153.47 , 220.25 , 150.93
228.14 , 151.75 , 230.81 , 146.58
225.97 , 151.71 , 228.21 , 147.29
223.76 , 151.66 , 225.60 , 148.02
221.13 , 155.43 , 222.65 , 151.54
216.56 , 155.38 , 217.43 , 153.10
211.74 , 155.33 , 212.20 , 154.74
211.84 , 153.48 , 212.20 , 153.43
211.74 , 155.33 , 212.20 , 154.74
209.26 , 155.32 , 209.92 , 153.86
209.26 , 155.32 , 209.92 , 153.86
206.75 , 155.29 , 207.23 , 154.71
206.64 , 155.28 , 206.98 , 156.46
209.31 , 149.54 , 209.98 , 151.54
209.31 , 149.54 , 209.98 , 151.54
204.23 , 149.50 , 204.96 , 151.58
209.31 , 149.54 , 209.98 , 151.54
204.26 , 153.48 , 204.53 , 154.34
206.63 , 149.51 , 207.37 , 152.43
204.23 , 149.50 , 204.96 , 151.58
204.38 , 147.70 , 204.89 , 150.33
206.73 , 153.48 , 206.95 , 155.20
204.06 , 153.47 , 204.33 , 156.11
204.06 , 153.47 , 204.33 , 156.11
204.27 , 155.66 , 203.91 , 157.64
209.47 , 157.66 , 208.59 , 159.02
209.17 , 163.45 , 208.84 , 163.06
209.04 , 165.28 , 209.03 , 164.34
207.18 , 155.91 , 205.92 , 156.98
206.78 , 159.58 , 206.24 , 161.23
206.73 , 155.62 , 206.39 , 158.46
206.61 , 157.43 , 206.55 , 159.71
201.50 , 159.24 , 201.61 , 159.23
204.03 , 161.02 , 204.11 , 161.35
198.81 , 160.98 , 198.90 , 161.33
201.47 , 162.76 , 201.49 , 161.66
201.53 , 164.52 , 201.33 , 162.87
201.80 , 168.06 , 200.78 , 165.27
199.19 , 167.95 , 198.15 , 166.06
199.19 , 167.95 , 198.15 , 166.06
196.31 , 166.10 , 195.81 , 165.73
199.02 , 166.20 , 198.45 , 164.89
199.02 , 166.20 , 198.45 , 164.89
199.02 , 166.20 , 198.45 , 164.89
201.53 , 168.52 , 201.29 , 167.43
201.48 , 164.52 , 201.32 , 164.66
201.48 , 164.52 , 201.32 , 164.66
203.98 , 164.58 , 203.97 , 165.59
201.48 , 164.52 , 201.32 , 164.66
204.11 , 166.38 , 203.78 , 166.82
199.02 , 166.20 , 198.45 , 164.89
196.36 , 166.10 , 195.78 , 163.89
196.23 , 160.33 , 196.21 , 159.98
198.81 , 160.42 , 198.87 , 160.95
198.81 , 160.42 , 198.87 , 160.95
201.23 , 158.74 , 201.68 , 160.69
201.23 , 158.74 , 201.68 , 160.69
201.23 , 158.74 , 201.68 , 160.69
203.65 , 158.81 , 204.31 , 161.60
203.90 , 162.80 , 204.09 , 164.36
201.35 , 165.00 , 201.52 , 166.79
204.00 , 165.00 , 204.04 , 165.89
203.95 , 172.96 , 204.35 , 171.41
200.92 , 177.04 , 202.18 , 173.27
199.36 , 189.32 , 204.39 , 181.42
190.50 , 189.83 , 196.71 , 180.47
195.17 , 183.00 , 197.59 , 177.18
196.07 , 169.05 , 196.22 , 167.76
198.78 , 165.00 , 198.83 , 165.91
198.39 , 155.20 , 199.19 , 159.19
203.13 , 157.01 , 204.59 , 162.14
204.82 , 153.03 , 207.70 , 160.23
206.97 , 153.09 , 210.38 , 161.06
209.07 , 153.14 , 213.05 , 161.86
209.07 , 153.14 , 213.05 , 161.86
211.84 , 155.29 , 215.20 , 164.05
214.98 , 151.38 , 220.88 , 162.77
220.65 , 155.37 , 225.01 , 165.28
220.65 , 155.37 , 225.01 , 165.28
224.41 , 155.40 , 230.09 , 166.63
224.41 , 155.40 , 230.09 , 166.63
226.24 , 155.41 , 232.62 , 167.27
226.24 , 155.41 , 232.62 , 167.27
226.24 , 155.41 , 232.62 , 167.27
222.55 , 155.38 , 227.56 , 165.96
222.55 , 155.38 , 227.56 , 165.96
220.65 , 155.37 , 225.01 , 165.28
220.65 , 155.37 , 225.01 , 165.28
220.65 , 155.37 , 225.01 , 165.28
220.65 , 155.37 , 225.01 , 165.28
218.70 , 155.35 , 222.46 , 164.58
218.77 , 157.27 , 222.58 , 165.99
218.77 , 157.27 , 222.58 , 165.99
216.77 , 157.24 , 220.00 , 165.25
216.77 , 157.24 , 220.00 , 165.25
214.67 , 155.32 , 217.32 , 163.12
214.67 , 155.32 , 217.32 , 163.12
214.67 , 155.32 , 217.32 , 163.12
214.67 , 155.32 , 217.32 , 163.12
214.67 , 155.32 , 217.32 , 163.12
210.44 , 155.29 , 212.16 , 161.58
213.19 , 155.32 , 214.44 , 160.67
213.19 , 155.32 , 214.44 , 160.67
209.88 , 151.33 , 212.58 , 158.83
208.23 , 155.28 , 209.57 , 160.78
208.23 , 155.28 , 209.57 , 160.78
208.23 , 155.28 , 209.57 , 160.78
208.23 , 155.28 , 209.57 , 160.78
210.44 , 155.29 , 212.16 , 161.58
208.23 , 155.28 , 209.57 , 160.78
208.23 , 155.28 , 209.57 , 160.78
208.23 , 155.28 , 209.57 , 160.78
208.23 , 155.28 , 209.57 , 160.78
208.62 , 159.23 , 209.30 , 163.54
208.62 , 159.23 , 209.30 , 163.54
208.62 , 159.23 , 209.30 , 163.54
205.97 , 155.26 , 206.97 , 159.96
205.97 , 155.26 , 206.97 , 159.96
200.80 , 155.21 , 201.87 , 160.05
209.05 , 155.30 , 209.42 , 157.32
211.63 , 155.33 , 211.95 , 156.45
211.63 , 155.33 , 211.95 , 156.45
223.96 , 149.70 , 225.06 , 148.18
223.96 , 149.70 , 225.06 , 148.18
221.62 , 149.67 , 222.51 , 148.98
223.96 , 149.70 , 225.06 , 148.18
221.62 , 149.67 , 222.51 , 148.98
221.62 , 149.67 , 222.51 , 148.98
219.22 , 149.64 , 219.95 , 149.80
219.22 , 149.64 , 219.95 , 149.80
219.22 , 149.64 , 219.95 , 149.80
219.22 , 149.64 , 219.95 , 149.80
211.84 , 153.48 , 212.20 , 153.43
214.14 , 155.35 , 214.48 , 155.60
214.24 , 153.48 , 214.47 , 154.26
211.71 , 157.39 , 211.66 , 157.91
211.84 , 155.53 , 211.54 , 156.60
209.47 , 151.64 , 209.49 , 153.01
211.84 , 155.53 , 211.54 , 156.60
206.86 , 155.62 , 206.56 , 156.70
207.92 , 148.20 , 205.35 , 151.73
208.77 , 144.35 , 204.33 , 149.30
207.89 , 138.52 , 199.50 , 146.96
210.28 , 132.01 , 196.86 , 143.71
215.47 , 124.57 , 196.03 , 141.24
211.22 , 133.68 , 195.42 , 145.62
210.28 , 132.01 , 196.86 , 143.71
212.44 , 131.78 , 199.20 , 144.29
208.16 , 136.48 , 198.30 , 147.67
207.48 , 138.57 , 199.15 , 148.77
205.82 , 144.55 , 201.31 , 152.18
205.82 , 144.55 , 201.31 , 152.18
205.39 , 146.47 , 201.91 , 153.36
204.78 , 144.36 , 202.84 , 151.75
206.72 , 146.13 , 205.79 , 153.69
206.72 , 146.13 , 205.79 , 153.69
206.72 , 146.13 , 205.79 , 153.69
206.47 , 147.99 , 206.17 , 154.93
208.69 , 147.92 , 208.70 , 155.66
210.83 , 147.86 , 211.23 , 156.36
210.83 , 147.86 , 211.23 , 156.36
210.83 , 147.86 , 211.23 , 156.36
208.50 , 149.78 , 209.02 , 156.93
208.50 , 149.78 , 209.02 , 156.93
208.50 , 149.78 , 209.02 , 156.93
208.50 , 149.78 , 209.02 , 156.93
213.43 , 149.69 , 213.90 , 156.68
211.13 , 151.60 , 211.67 , 157.25
211.62 , 159.45 , 211.21 , 162.80
211.65 , 171.20 , 211.66 , 171.10
208.37 , 179.31 , 210.28 , 175.77
211.46 , 175.14 , 212.11 , 173.84
209.17 , 175.28 , 209.68 , 174.79
209.31 , 167.39 , 208.93 , 169.29
209.31 , 167.39 , 208.93 , 169.29
209.31 , 167.39 , 208.93 , 169.29
209.22 , 163.45 , 208.79 , 166.53
209.27 , 163.45 , 208.73 , 164.80
209.24 , 159.51 , 208.73 , 162.03
206.55 , 161.39 , 206.44 , 164.23
206.66 , 161.39 , 206.42 , 162.48
204.08 , 161.44 , 203.87 , 163.41
204.08 , 161.44 , 203.87 , 163.41
204.08 , 161.44 , 203.87 , 163.41
204.08 , 161.44 , 203.87 , 163.41
204.08 , 161.44 , 203.87 , 163.41
204.08 , 161.44 , 203.87 , 163.41
201.46 , 163.24 , 201.40 , 163.79
201.46 , 163.24 , 201.40 , 163.79
206.50 , 163.20 , 206.58 , 165.49
211.25 , 163.16 , 211.77 , 167.11
208.91 , 163.18 , 209.18 , 166.31
208.62 , 159.23 , 209.30 , 163.54
211.28 , 161.31 , 211.60 , 165.81
216.12 , 161.23 , 216.43 , 165.63
217.91 , 159.23 , 219.22 , 164.98
225.43 , 159.24 , 225.75 , 162.37
225.43 , 159.24 , 225.75 , 162.37
232.42 , 157.21 , 232.32 , 158.41
225.83 , 157.27 , 225.77 , 157.73
221.25 , 157.31 , 221.48 , 156.16
218.93 , 157.33 , 218.98 , 156.99
219.01 , 153.48 , 219.22 , 154.22
216.46 , 159.24 , 216.55 , 159.20
216.55 , 157.35 , 216.49 , 157.85
211.72 , 153.48 , 211.92 , 155.14
211.72 , 153.48 , 211.92 , 155.14
214.24 , 153.48 , 214.47 , 154.26
214.04 , 153.47 , 214.26 , 155.95
214.04 , 153.47 , 214.26 , 155.95
213.96 , 155.34 , 214.31 , 157.29
211.38 , 155.32 , 211.86 , 158.16
209.05 , 155.30 , 209.42 , 157.32
211.38 , 155.32 , 211.86 , 158.16
208.72 , 155.29 , 209.41 , 159.05
208.72 , 155.29 , 209.41 , 159.05
208.72 , 155.29 , 209.41 , 159.05
209.05 , 155.30 , 209.42 , 157.32
206.38 , 155.27 , 206.89 , 158.21
206.45 , 153.47 , 206.83 , 156.95
206.38 , 155.27 , 206.89 , 158.21
203.87 , 149.47 , 204.77 , 153.35
203.46 , 147.66 , 204.63 , 153.88
203.98 , 149.87 , 203.93 , 155.41
203.98 , 149.87 , 203.93 , 155.41
201.32 , 145.89 , 201.89 , 151.84
201.32 , 145.89 , 201.89 , 151.84
201.32 , 145.89 , 201.89 , 151.84
204.18 , 145.88 , 204.51 , 150.86
201.32 , 145.89 , 201.89 , 151.84
204.18 , 145.88 , 204.51 , 150.86
205.94 , 143.66 , 207.77 , 150.16
202.99 , 143.62 , 205.27 , 151.13
203.15 , 141.81 , 205.10 , 149.88
205.32 , 141.80 , 207.63 , 150.65
203.84 , 144.04 , 204.16 , 151.40
203.84 , 144.04 , 204.16 , 151.40
204.46 , 146.22 , 203.27 , 152.96
206.07 , 138.61 , 201.14 , 148.19
199.25 , 152.22 , 198.06 , 157.21
201.60 , 155.71 , 201.26 , 158.60
201.48 , 157.48 , 201.42 , 159.81
201.40 , 159.24 , 201.50 , 161.02
196.31 , 166.10 , 195.81 , 165.73
199.02 , 166.20 , 198.45 , 164.89
198.99 , 170.22 , 198.45 , 167.66
196.31 , 166.10 , 195.81 , 165.73
196.31 , 166.10 , 195.81 , 165.73
199.02 , 166.20 , 198.45 , 164.89
196.31 , 163.78 , 195.69 , 164.12
196.53 , 167.83 , 195.47 , 165.04
201.61 , 164.06 , 200.99 , 164.30
204.04 , 164.19 , 203.68 , 165.28
211.22 , 166.45 , 211.43 , 169.39
215.32 , 164.79 , 217.08 , 169.89
221.32 , 155.43 , 228.49 , 166.34
221.32 , 155.43 , 228.49 , 166.34
225.72 , 165.16 , 230.28 , 173.84
228.33 , 180.23 , 230.94 , 184.91
229.51 , 191.44 , 232.77 , 193.18
227.18 , 172.74 , 230.35 , 179.37
226.88 , 187.78 , 229.42 , 189.69
228.07 , 176.50 , 229.82 , 180.58
223.59 , 163.14 , 227.63 , 171.64
227.42 , 170.75 , 229.52 , 176.32
225.49 , 174.53 , 227.87 , 179.94
224.02 , 182.15 , 225.47 , 183.14
219.36 , 182.27 , 220.88 , 183.21
219.26 , 180.36 , 220.72 , 181.82
216.85 , 184.34 , 218.76 , 183.79
216.85 , 184.34 , 218.76 , 183.79
214.37 , 182.42 , 215.69 , 181.60
214.26 , 184.47 , 216.19 , 182.99
214.30 , 180.56 , 215.56 , 180.26
214.25 , 176.66 , 215.07 , 177.51
214.25 , 176.66 , 215.07 , 177.51
214.25 , 176.66 , 215.07 , 177.51
214.11 , 172.78 , 214.73 , 174.75
213.88 , 168.89 , 214.53 , 171.99
211.28 , 167.07 , 212.16 , 171.58
211.28 , 167.07 , 212.16 , 171.58
211.28 , 167.07 , 212.16 , 171.58
211.28 , 167.07 , 212.16 , 171.58
208.93 , 167.11 , 209.50 , 170.80
206.52 , 167.16 , 206.83 , 170.00
205.85 , 163.20 , 207.19 , 168.98
203.51 , 163.22 , 204.44 , 168.18
203.51 , 163.22 , 204.44 , 168.18
206.25 , 163.20 , 206.80 , 167.24
205.88 , 159.23 , 206.94 , 164.47
203.84 , 163.22 , 204.13 , 166.42
203.84 , 163.22 , 204.13 , 166.42
203.89 , 161.44 , 203.97 , 165.18
203.89 , 161.44 , 203.97 , 165.18
203.89 , 161.44 , 203.97 , 165.18
203.89 , 161.44 , 203.97 , 165.18
203.59 , 157.45 , 204.13 , 162.42
201.20 , 157.48 , 201.46 , 161.60
201.20 , 157.48 , 201.46 , 161.60
201.20 , 157.48 , 201.46 , 161.60
201.20 , 157.48 , 201.46 , 161.60
201.20 , 157.48 , 201.46 , 161.60
209.20 , 157.41 , 209.10 , 158.80
214.15 , 157.37 , 214.22 , 157.03
213.98 , 161.26 , 214.12 , 159.81
211.68 , 157.39 , 211.95 , 156.20
225.67 , 155.30 , 227.01 , 151.50
221.11 , 157.31 , 221.91 , 154.53
218.85 , 157.33 , 219.34 , 155.34
218.85 , 157.33 , 219.34 , 155.34
213.74 , 161.26 , 214.50 , 158.11
216.29 , 161.22 , 216.68 , 158.95
216.29 , 161.22 , 216.68 , 158.95
214.06 , 159.24 , 214.26 , 158.36
214.06 , 159.24 , 214.26 , 158.36
214.06 , 159.24 , 214.26 , 158.36
214.06 , 159.24 , 214.26 , 158.36
211.58 , 161.09 , 211.69 , 160.52
211.59 , 157.17 , 211.91 , 157.76
213.96 , 155.34 , 214.31 , 157.29
214.00 , 161.11 , 214.07 , 161.38
213.96 , 155.34 , 214.31 , 157.29
211.38 , 155.32 , 211.86 , 158.16
211.45 , 153.47 , 211.79 , 156.85
211.45 , 153.47 , 211.79 , 156.85
211.45 , 153.47 , 211.79 , 156.85
211.45 , 153.47 , 211.79 , 156.85
209.00 , 157.41 , 209.05 , 160.53
211.45 , 153.47 , 211.79 , 156.85
211.45 , 153.47 , 211.79 , 156.85
211.45 , 153.47 , 211.79 , 156.85
209.00 , 157.41 , 209.05 , 160.53
209.11 , 155.57 , 208.88 , 159.25
211.87 , 153.66 , 211.14 , 157.02
211.56 , 153.67 , 211.11 , 158.73
209.27 , 153.73 , 208.64 , 157.98
209.04 , 149.78 , 208.96 , 155.20
209.04 , 149.78 , 208.96 , 155.20
206.74 , 149.83 , 206.49 , 154.43
209.65 , 147.92 , 208.80 , 152.19
209.24 , 147.92 , 208.67 , 153.92
209.24 , 147.92 , 208.67 , 153.92
207.23 , 146.13 , 205.87 , 151.93
210.15 , 142.22 , 207.38 , 150.15
211.25 , 142.22 , 205.74 , 150.55
210.85 , 136.20 , 201.04 , 146.47
208.92 , 134.33 , 197.40 , 146.60
205.04 , 134.76 , 197.23 , 145.27
203.81 , 138.77 , 198.67 , 147.52
199.69 , 146.40 , 198.23 , 151.43
199.49 , 152.22 , 198.20 , 155.39
194.12 , 152.41 , 192.81 , 155.60
196.88 , 152.31 , 195.67 , 154.58
196.77 , 156.36 , 195.47 , 157.36
193.97 , 156.48 , 192.95 , 156.52
193.97 , 156.48 , 192.95 , 156.52
193.71 , 158.21 , 193.24 , 157.65
196.52 , 158.11 , 195.77 , 158.51
196.63 , 154.07 , 195.94 , 155.73
196.63 , 154.07 , 195.94 , 155.73
193.87 , 154.13 , 193.10 , 156.74
196.31 , 155.80 , 195.97 , 158.73
193.68 , 155.85 , 193.32 , 157.88
196.31 , 155.80 , 195.97 , 158.73
198.99 , 159.78 , 198.45 , 162.34
201.52 , 163.72 , 201.24 , 167.71
201.52 , 163.72 , 201.24 , 167.71
204.76 , 151.63 , 207.25 , 160.93
209.32 , 173.14 , 210.14 , 176.75
214.84 , 184.56 , 217.28 , 186.37
220.22 , 195.75 , 225.53 , 195.72
224.48 , 211.03 , 235.51 , 205.68
224.86 , 203.07 , 232.52 , 200.66
227.15 , 214.56 , 239.63 , 208.80
227.50 , 206.60 , 236.46 , 203.85
227.56 , 202.70 , 235.05 , 201.31
229.21 , 210.39 , 239.71 , 205.48
229.21 , 210.39 , 239.71 , 205.48
229.21 , 210.39 , 239.71 , 205.48
226.80 , 202.91 , 234.35 , 199.77
224.42 , 191.56 , 228.30 , 191.26
224.42 , 191.56 , 228.30 , 191.26
221.55 , 176.43 , 222.75 , 179.76
219.01 , 174.62 , 220.04 , 177.69
219.01 , 174.62 , 220.04 , 177.69
218.72 , 170.79 , 219.73 , 174.92
216.65 , 174.71 , 217.47 , 176.94
216.65 , 172.83 , 217.20 , 175.59
216.44 , 168.97 , 216.91 , 172.84
214.24 , 172.93 , 214.64 , 174.86
211.69 , 169.13 , 211.77 , 171.34
211.76 , 173.04 , 212.08 , 174.10
214.12 , 169.05 , 214.11 , 170.42
211.64 , 169.13 , 211.61 , 169.64
211.58 , 167.07 , 211.60 , 168.17
209.10 , 167.11 , 209.09 , 167.35
209.07 , 163.18 , 209.05 , 164.58
206.50 , 163.20 , 206.58 , 165.49
206.50 , 163.20 , 206.58 , 165.49
206.55 , 161.39 , 206.44 , 164.23
206.50 , 163.20 , 206.58 , 165.49
204.08 , 161.44 , 203.87 , 163.41
201.14 , 159.24 , 201.58 , 162.81
203.84 , 163.22 , 204.13 , 166.42
203.84 , 163.22 , 204.13 , 166.42
203.84 , 163.22 , 204.13 , 166.42
201.36 , 163.24 , 201.45 , 165.58
198.30 , 159.23 , 199.06 , 163.76
201.42 , 161.48 , 201.31 , 164.37
201.42 , 161.48 , 201.31 , 164.37
201.14 , 159.24 , 201.58 , 162.81
201.14 , 159.24 , 201.58 , 162.81
201.36 , 163.24 , 201.45 , 165.58
201.20 , 157.48 , 201.46 , 161.60
203.88 , 159.24 , 204.10 , 161.88
203.88 , 159.24 , 204.10 , 161.88
203.88 , 159.24 , 204.10 , 161.88
206.54 , 159.24 , 206.63 , 160.97
216.43 , 159.24 , 216.80 , 157.53
235.37 , 159.25 , 239.63 , 150.94
235.37 , 159.25 , 239.63 , 150.94
244.53 , 159.25 , 252.12 , 147.93
242.76 , 159.25 , 249.64 , 148.49
240.96 , 159.25 , 247.15 , 149.08
238.90 , 161.33 , 244.41 , 151.32
233.27 , 161.28 , 236.93 , 153.15
233.27 , 161.28 , 236.93 , 153.15
231.32 , 161.26 , 234.42 , 153.80
227.29 , 161.23 , 229.39 , 155.16
229.82 , 159.25 , 231.41 , 154.51
227.87 , 157.25 , 228.96 , 153.77
227.87 , 157.25 , 228.96 , 153.77
225.48 , 157.28 , 227.03 , 152.95
223.50 , 155.33 , 224.43 , 152.30
221.48 , 151.56 , 222.71 , 148.72
216.74 , 151.60 , 218.04 , 148.71
219.43 , 149.65 , 219.97 , 148.15
219.20 , 151.58 , 220.06 , 149.54
217.08 , 149.68 , 217.31 , 149.02
219.24 , 151.57 , 219.53 , 151.19
216.84 , 151.58 , 216.95 , 152.05
216.84 , 151.58 , 216.95 , 152.05
216.84 , 151.58 , 216.95 , 152.05
214.38 , 151.60 , 214.38 , 152.93
214.38 , 151.60 , 214.38 , 152.93
214.57 , 149.71 , 214.22 , 151.60
216.69 , 151.58 , 216.64 , 153.72
214.33 , 149.70 , 213.96 , 153.29
214.33 , 149.70 , 213.96 , 153.29
214.16 , 151.59 , 214.15 , 154.62
214.39 , 153.60 , 213.66 , 156.07
214.61 , 151.69 , 213.38 , 154.76
215.95 , 143.85 , 211.58 , 149.60
213.68 , 144.01 , 209.33 , 148.93
213.68 , 144.01 , 209.33 , 148.93
214.17 , 141.99 , 208.73 , 147.70
211.13 , 144.19 , 206.66 , 150.00
212.25 , 151.78 , 211.08 , 154.01
212.38 , 153.80 , 210.28 , 157.24
212.99 , 146.01 , 209.55 , 151.91
212.12 , 155.70 , 210.67 , 158.51
214.28 , 157.50 , 213.38 , 160.55
214.14 , 159.38 , 213.64 , 161.87
214.14 , 159.38 , 213.64 , 161.87
214.14 , 159.38 , 213.64 , 161.87
211.59 , 157.39 , 211.53 , 159.62
206.61 , 157.43 , 206.55 , 159.71
206.54 , 159.24 , 206.63 , 160.97
208.94 , 159.24 , 209.15 , 161.81
209.00 , 157.41 , 209.05 , 160.53
208.94 , 159.24 , 209.15 , 161.81
208.94 , 159.24 , 209.15 , 161.81
211.28 , 159.24 , 211.67 , 162.63
213.86 , 159.24 , 214.05 , 161.74
211.38 , 155.32 , 211.86 , 158.16
211.55 , 165.00 , 211.55 , 165.00
209.09 , 166.83 , 209.08 , 167.15
208.87 , 178.65 , 209.82 , 175.44
208.87 , 186.56 , 211.20 , 182.65
211.58 , 170.76 , 211.97 , 172.49
209.40 , 178.61 , 210.30 , 178.89
213.95 , 170.76 , 214.59 , 173.32
214.80 , 159.09 , 217.44 , 165.84
215.31 , 151.26 , 220.89 , 161.16
214.04 , 159.07 , 218.02 , 167.52
217.22 , 151.33 , 223.46 , 161.93
213.10 , 147.15 , 222.19 , 160.13
214.93 , 147.24 , 224.80 , 160.89
226.15 , 155.54 , 236.75 , 169.79
226.57 , 163.19 , 233.71 , 174.60
231.26 , 167.02 , 238.93 , 178.64
231.26 , 167.02 , 238.93 , 178.64
232.94 , 163.31 , 240.46 , 175.02
234.09 , 170.75 , 241.66 , 182.01
235.04 , 174.43 , 241.90 , 184.77
240.28 , 172.29 , 249.38 , 184.83
244.26 , 170.11 , 252.82 , 182.76
244.26 , 170.11 , 252.82 , 182.76
243.49 , 170.12 , 254.05 , 184.11
240.01 , 170.22 , 248.97 , 183.15
239.78 , 168.15 , 248.49 , 181.49
238.02 , 168.21 , 245.95 , 181.01
235.24 , 164.61 , 243.19 , 177.76
233.47 , 164.66 , 240.64 , 177.24
231.66 , 164.70 , 238.08 , 176.70
229.82 , 164.75 , 235.51 , 176.15
227.94 , 164.80 , 232.92 , 175.58
226.03 , 164.85 , 230.33 , 174.98
224.07 , 164.90 , 227.73 , 174.37
221.35 , 161.14 , 225.10 , 170.97
219.35 , 161.17 , 222.48 , 170.32
217.31 , 161.21 , 219.86 , 169.65
214.59 , 157.35 , 217.37 , 166.19
217.31 , 161.21 , 219.86 , 169.65
217.32 , 159.31 , 219.54 , 168.27
216.63 , 155.43 , 219.69 , 165.50
216.63 , 155.43 , 219.69 , 165.50
217.37 , 155.42 , 219.18 , 163.87
214.61 , 155.47 , 217.08 , 164.84
214.61 , 155.47 , 217.08 , 164.84
214.61 , 155.47 , 217.08 , 164.84
214.61 , 155.47 , 217.08 , 164.84
212.51 , 157.37 , 214.73 , 165.47
214.59 , 157.35 , 217.37 , 166.19
212.51 , 157.37 , 214.73 , 165.47
212.51 , 157.37 , 214.73 , 165.47
212.51 , 157.37 , 214.73 , 165.47
210.37 , 157.39 , 212.09 , 164.74
210.37 , 157.39 , 212.09 , 164.74
210.37 , 157.39 , 212.09 , 164.74
210.37 , 157.39 , 212.09 , 164.74
210.37 , 157.39 , 212.09 , 164.74
207.63 , 153.44 , 209.75 , 161.22
210.47 , 153.45 , 212.03 , 160.27
213.22 , 153.45 , 214.33 , 159.34
223.46 , 153.47 , 223.65 , 155.79
232.82 , 151.45 , 233.04 , 151.02
238.88 , 153.50 , 240.87 , 148.84
237.23 , 149.82 , 238.79 , 146.75
236.84 , 153.50 , 238.43 , 149.54
244.76 , 153.51 , 248.16 , 146.83
244.76 , 153.51 , 248.16 , 146.83
242.83 , 153.51 , 245.73 , 147.48
240.58 , 153.51 , 244.13 , 146.70
236.42 , 155.57 , 239.04 , 149.64
236.62 , 153.51 , 239.16 , 148.05
