358.04 , 172.93 , 358.02 , 173.62
359.55 , 172.89 , 359.54 , 173.61
357.92 , 176.05 , 357.95 , 176.60
358.15 , 172.92 , 358.21 , 173.47
356.79 , 172.51 , 357.04 , 172.85
356.79 , 172.51 , 357.04 , 172.85
358.65 , 166.15 , 358.62 , 166.71
358.87 , 162.98 , 358.66 , 163.61
359.10 , 159.80 , 358.64 , 160.52
359.34 , 156.59 , 358.56 , 157.46
359.34 , 156.59 , 358.56 , 157.46
359.19 , 125.57 , 358.38 , 156.84
359.37 , 123.89 , 358.14 , 153.81
358.18 , 150.30 , 356.70 , 151.35
358.23 , 149.74 , 356.51 , 150.97
356.61 , 149.95 , 354.98 , 150.99
354.18 , 147.01 , 352.04 , 148.30
355.49 , 146.86 , 353.33 , 148.18
355.49 , 146.86 , 353.33 , 148.18
355.49 , 146.86 , 353.33 , 148.18
355.49 , 146.86 , 353.33 , 148.18
355.49 , 146.86 , 353.33 , 148.18
355.32 , 149.58 , 353.46 , 150.80
355.32 , 149.58 , 353.46 , 150.80
355.49 , 146.86 , 353.33 , 148.18
355.28 , 150.10 , 353.66 , 151.12
355.45 , 147.39 , 353.58 , 148.49
353.95 , 150.25 , 352.34 , 151.22
352.51 , 147.73 , 350.73 , 148.62
354.14 , 147.53 , 352.28 , 148.58
354.14 , 147.53 , 352.28 , 148.58
354.14 , 147.53 , 352.28 , 148.58
354.14 , 147.53 , 352.28 , 148.58
354.14 , 147.53 , 352.28 , 148.58
355.78 , 147.32 , 353.83 , 148.57
355.52 , 150.56 , 354.06 , 151.53
357.14 , 150.38 , 355.57 , 151.56
353.95 , 153.43 , 352.75 , 154.23
354.17 , 153.38 , 352.91 , 154.28
353.95 , 153.43 , 352.75 , 154.23
352.57 , 153.57 , 351.42 , 154.27
352.57 , 153.57 , 351.42 , 154.27
352.52 , 154.02 , 351.55 , 154.59
352.26 , 156.78 , 351.53 , 157.24
351.48 , 150.96 , 350.14 , 151.62
348.17 , 154.44 , 347.42 , 154.55
347.87 , 157.23 , 347.38 , 157.24
349.29 , 157.09 , 348.71 , 157.26
347.87 , 157.23 , 347.38 , 157.24
347.25 , 163.19 , 347.41 , 162.86
347.25 , 163.19 , 347.41 , 162.86
347.25 , 163.19 , 347.41 , 162.86
348.72 , 163.03 , 348.79 , 162.88
348.72 , 163.03 , 348.79 , 162.88
348.72 , 163.03 , 348.79 , 162.88
349.91 , 166.01 , 350.20 , 165.88
349.91 , 166.01 , 350.20 , 165.88
349.91 , 166.01 , 350.20 , 165.88
349.91 , 166.01 , 350.20 , 165.88
349.91 , 166.01 , 350.20 , 165.88
349.91 , 166.01 , 350.20 , 165.88
351.61 , 163.11 , 351.56 , 163.23
353.10 , 162.98 , 352.99 , 163.25
352.82 , 166.12 , 352.95 , 166.29
354.30 , 166.01 , 354.35 , 166.35
352.82 , 166.12 , 352.95 , 166.29
354.56 , 163.28 , 354.37 , 163.72
354.30 , 166.00 , 354.39 , 166.27
352.82 , 166.12 , 352.95 , 166.29
352.59 , 168.87 , 353.00 , 168.92
354.30 , 166.00 , 354.39 , 166.27
353.02 , 163.39 , 352.95 , 163.60
354.30 , 166.00 , 354.39 , 166.27
352.64 , 168.86 , 353.08 , 168.87
352.64 , 168.86 , 353.08 , 168.87
352.83 , 166.12 , 352.99 , 166.24
351.38 , 166.23 , 351.58 , 166.24
351.57 , 163.11 , 351.54 , 163.21
351.57 , 163.11 , 351.54 , 163.21
352.84 , 166.11 , 353.02 , 166.19
352.86 , 165.72 , 353.10 , 165.77
347.85 , 172.08 , 348.79 , 171.53
349.39 , 171.93 , 350.26 , 171.54
347.85 , 172.08 , 348.79 , 171.53
349.39 , 171.93 , 350.26 , 171.54
349.64 , 169.13 , 350.16 , 168.91
349.64 , 169.13 , 350.16 , 168.91
348.43 , 166.47 , 348.71 , 166.26
351.14 , 168.99 , 351.62 , 168.90
351.36 , 166.23 , 351.55 , 166.26
349.91 , 166.35 , 350.14 , 166.26
349.91 , 166.35 , 350.14 , 166.26
349.91 , 166.35 , 350.14 , 166.26
351.58 , 163.49 , 351.53 , 163.61
351.12 , 169.34 , 351.48 , 169.31
351.12 , 169.34 , 351.48 , 169.31
352.61 , 169.23 , 352.95 , 169.30
352.61 , 169.23 , 352.95 , 169.30
349.88 , 166.69 , 350.06 , 166.63
349.69 , 169.44 , 350.10 , 169.30
352.61 , 169.23 , 352.95 , 169.30
351.19 , 169.33 , 351.57 , 169.29
351.19 , 169.33 , 351.57 , 169.29
351.19 , 169.33 , 351.57 , 169.29
352.42 , 171.98 , 353.04 , 171.93
351.19 , 169.33 , 351.57 , 169.29
351.19 , 169.33 , 351.57 , 169.29
351.19 , 169.33 , 351.57 , 169.29
351.19 , 169.33 , 351.57 , 169.29
352.61 , 169.23 , 352.95 , 169.30
352.61 , 169.23 , 352.95 , 169.30
352.39 , 172.34 , 352.86 , 172.38
352.58 , 169.61 , 352.82 , 169.73
352.39 , 172.34 , 352.86 , 172.38
352.58 , 169.61 , 352.82 , 169.73
352.58 , 169.61 , 352.82 , 169.73
354.22 , 166.84 , 354.24 , 167.15
354.01 , 169.54 , 354.20 , 169.79
354.01 , 169.54 , 354.20 , 169.79
354.22 , 166.84 , 354.24 , 167.15
354.47 , 163.72 , 354.35 , 164.07
354.47 , 163.72 , 354.35 , 164.07
352.51 , 169.62 , 352.73 , 169.78
352.51 , 169.62 , 352.73 , 169.78
354.26 , 166.42 , 354.31 , 166.71
354.05 , 169.14 , 354.33 , 169.34
354.26 , 166.42 , 354.31 , 166.71
354.26 , 166.42 , 354.31 , 166.71
354.47 , 163.72 , 354.35 , 164.07
354.26 , 166.42 , 354.31 , 166.71
352.80 , 166.51 , 352.91 , 166.66
352.61 , 169.23 , 352.95 , 169.30
352.61 , 169.23 , 352.95 , 169.30
352.61 , 169.23 , 352.95 , 169.30
352.61 , 169.23 , 352.95 , 169.30
352.42 , 171.98 , 353.04 , 171.93
354.05 , 169.14 , 354.33 , 169.34
352.61 , 169.23 , 352.95 , 169.30
354.10 , 169.13 , 354.42 , 169.26
353.94 , 171.85 , 354.53 , 171.88
353.94 , 171.85 , 354.53 , 171.88
352.42 , 171.98 , 353.04 , 171.93
352.53 , 171.96 , 353.17 , 171.88
351.02 , 172.08 , 351.67 , 171.93
351.19 , 169.33 , 351.57 , 169.29
351.19 , 169.33 , 351.57 , 169.29
351.02 , 172.08 , 351.67 , 171.93
351.02 , 172.08 , 351.67 , 171.93
351.19 , 169.33 , 351.57 , 169.29
351.19 , 169.33 , 351.57 , 169.29
351.35 , 166.60 , 351.51 , 166.63
351.00 , 172.42 , 351.50 , 172.35
351.00 , 172.42 , 351.50 , 172.35
351.00 , 172.42 , 351.50 , 172.35
352.20 , 175.08 , 352.94 , 175.01
350.83 , 175.17 , 351.60 , 175.00
350.83 , 175.17 , 351.60 , 175.00
350.66 , 177.94 , 351.76 , 177.63
350.66 , 177.94 , 351.76 , 177.63
350.66 , 177.94 , 351.76 , 177.63
350.66 , 177.94 , 351.76 , 177.63
351.02 , 172.08 , 351.67 , 171.93
350.85 , 174.85 , 351.83 , 174.56
352.37 , 175.06 , 353.12 , 174.96
350.83 , 175.17 , 351.60 , 175.00
351.00 , 172.42 , 351.50 , 172.35
354.07 , 169.53 , 354.30 , 169.72
352.39 , 172.34 , 352.86 , 172.38
352.20 , 175.08 , 352.94 , 175.01
350.83 , 175.17 , 351.60 , 175.00
350.83 , 175.17 , 351.60 , 175.00
352.96 , 164.20 , 352.90 , 164.40
352.96 , 164.20 , 352.90 , 164.40
352.96 , 164.20 , 352.90 , 164.40
351.49 , 164.25 , 351.47 , 164.34
351.33 , 166.96 , 351.43 , 167.02
351.33 , 166.96 , 351.43 , 167.02
351.33 , 166.96 , 351.43 , 167.02
351.49 , 164.25 , 351.47 , 164.34
354.24 , 166.83 , 354.29 , 167.07
354.24 , 166.83 , 354.29 , 167.07
354.24 , 166.83 , 354.29 , 167.07
354.24 , 166.83 , 354.29 , 167.07
352.80 , 166.90 , 352.88 , 167.02
352.58 , 169.61 , 352.82 , 169.73
352.58 , 169.61 , 352.82 , 169.73
352.17 , 175.43 , 352.71 , 175.46
352.36 , 172.71 , 352.68 , 172.81
350.84 , 172.78 , 351.18 , 172.79
352.17 , 175.43 , 352.71 , 175.46
353.55 , 175.37 , 354.03 , 175.52
352.39 , 172.34 , 352.86 , 172.38
352.39 , 172.34 , 352.86 , 172.38
351.00 , 172.42 , 351.50 , 172.35
351.00 , 172.42 , 351.50 , 172.35
351.00 , 172.42 , 351.50 , 172.35
351.16 , 169.68 , 351.44 , 169.69
351.16 , 169.68 , 351.44 , 169.69
351.00 , 172.42 , 351.50 , 172.35
349.69 , 169.44 , 350.10 , 169.30
349.28 , 175.29 , 350.09 , 175.01
351.02 , 172.08 , 351.67 , 171.93
351.02 , 172.08 , 351.67 , 171.93
351.19 , 169.33 , 351.57 , 169.29
351.35 , 166.60 , 351.51 , 166.63
351.35 , 166.60 , 351.51 , 166.63
352.82 , 166.50 , 352.95 , 166.61
352.82 , 166.50 , 352.95 , 166.61
352.98 , 163.39 , 352.94 , 163.55
351.51 , 163.50 , 351.50 , 163.56
351.38 , 166.59 , 351.54 , 166.61
351.38 , 166.59 , 351.54 , 166.61
351.24 , 169.68 , 351.53 , 169.67
349.83 , 169.75 , 350.13 , 169.68
349.94 , 166.68 , 350.12 , 166.63
349.94 , 166.68 , 350.12 , 166.63
352.84 , 166.50 , 352.99 , 166.56
352.84 , 166.50 , 352.99 , 166.56
352.74 , 169.21 , 353.12 , 169.20
351.50 , 163.87 , 351.48 , 163.94
351.50 , 163.87 , 351.48 , 163.94
351.38 , 166.59 , 351.54 , 166.61
349.94 , 166.68 , 350.12 , 166.63
349.85 , 169.41 , 350.25 , 169.30
351.26 , 169.32 , 351.64 , 169.26
352.74 , 169.21 , 353.12 , 169.20
351.14 , 172.06 , 351.80 , 171.91
351.14 , 172.06 , 351.80 , 171.91
351.14 , 172.06 , 351.80 , 171.91
351.14 , 172.06 , 351.80 , 171.91
352.74 , 169.21 , 353.12 , 169.20
352.84 , 166.50 , 352.99 , 166.56
352.84 , 166.50 , 352.99 , 166.56
351.26 , 169.32 , 351.64 , 169.26
351.26 , 169.32 , 351.64 , 169.26
351.26 , 169.32 , 351.64 , 169.26
351.26 , 169.32 , 351.64 , 169.26
352.37 , 175.06 , 353.12 , 174.96
352.37 , 175.06 , 353.12 , 174.96
350.85 , 174.85 , 351.83 , 174.56
351.02 , 172.08 , 351.67 , 171.93
352.51 , 172.32 , 353.00 , 172.33
350.83 , 175.17 , 351.60 , 175.00
352.37 , 175.06 , 353.12 , 174.96
352.37 , 175.06 , 353.12 , 174.96
352.53 , 171.96 , 353.17 , 171.88
350.83 , 175.17 , 351.60 , 175.00
351.02 , 172.08 , 351.67 , 171.93
352.39 , 172.34 , 352.86 , 172.38
352.20 , 175.08 , 352.94 , 175.01
352.20 , 175.08 , 352.94 , 175.01
352.20 , 175.08 , 352.94 , 175.01
352.20 , 175.08 , 352.94 , 175.01
353.58 , 177.71 , 354.61 , 177.58
352.23 , 177.80 , 353.30 , 177.58
353.58 , 177.71 , 354.61 , 177.58
353.58 , 177.71 , 354.61 , 177.58
355.14 , 177.57 , 356.16 , 177.50
355.14 , 177.57 , 356.16 , 177.50
355.00 , 180.31 , 356.38 , 180.07
353.41 , 180.46 , 354.81 , 180.17
353.41 , 180.46 , 354.81 , 180.17
353.58 , 177.71 , 354.61 , 177.58
356.50 , 177.47 , 357.47 , 177.52
355.14 , 177.57 , 356.16 , 177.50
355.14 , 177.57 , 356.16 , 177.50
355.14 , 177.57 , 356.16 , 177.50
355.14 , 177.57 , 356.16 , 177.50
356.81 , 136.54 , 357.52 , 174.81
356.69 , 139.25 , 357.72 , 177.39
356.81 , 136.54 , 357.52 , 174.81
356.81 , 136.54 , 357.52 , 174.81
356.69 , 139.25 , 357.72 , 177.39
356.84 , 137.64 , 357.74 , 174.27
355.46 , 137.75 , 356.40 , 174.29
355.34 , 139.34 , 356.40 , 177.40
355.46 , 137.75 , 356.40 , 174.29
354.07 , 136.72 , 354.83 , 174.82
352.54 , 175.03 , 353.30 , 174.91
355.44 , 136.63 , 356.18 , 174.80
354.07 , 136.72 , 354.83 , 174.82
354.07 , 136.72 , 354.83 , 174.82
354.07 , 136.72 , 354.83 , 174.82
352.54 , 175.03 , 353.30 , 174.91
352.54 , 175.03 , 353.30 , 174.91
352.54 , 175.03 , 353.30 , 174.91
352.54 , 175.03 , 353.30 , 174.91
352.54 , 175.03 , 353.30 , 174.91
352.63 , 172.31 , 353.13 , 172.28
352.54 , 175.03 , 353.30 , 174.91
352.54 , 175.03 , 353.30 , 174.91
352.54 , 175.03 , 353.30 , 174.91
351.12 , 172.40 , 351.63 , 172.33
349.64 , 175.23 , 350.43 , 175.01
351.18 , 175.12 , 351.96 , 174.95
351.19 , 174.78 , 352.17 , 174.51
352.55 , 174.67 , 353.52 , 174.44
351.12 , 177.54 , 352.47 , 177.12
351.19 , 174.78 , 352.17 , 174.51
351.12 , 177.54 , 352.47 , 177.12
351.12 , 177.54 , 352.47 , 177.12
352.72 , 137.98 , 353.69 , 174.40
352.72 , 137.98 , 353.69 , 174.40
352.72 , 137.98 , 353.69 , 174.40
352.72 , 137.98 , 353.69 , 174.40
352.76 , 135.25 , 353.42 , 171.78
351.38 , 135.35 , 352.04 , 171.86
349.92 , 169.40 , 350.32 , 169.30
351.40 , 132.63 , 351.80 , 169.22
351.40 , 132.63 , 351.80 , 169.22
351.40 , 132.63 , 351.80 , 169.22
351.40 , 132.63 , 351.80 , 169.22
351.40 , 132.63 , 351.80 , 169.22
352.88 , 163.80 , 352.88 , 163.80
351.40 , 115.49 , 351.23 , 160.82
350.00 , 81.80 , 350.00 , 163.60
350.00 , 81.80 , 350.00 , 163.60
350.00 , 81.98 , 350.00 , 163.95
350.00 , 83.33 , 350.17 , 166.64
352.88 , 166.49 , 353.05 , 166.46
351.45 , 119.91 , 351.63 , 166.54
351.45 , 119.91 , 351.63 , 166.54
351.45 , 119.91 , 351.63 , 166.54
351.43 , 116.83 , 351.43 , 163.49
351.45 , 119.91 , 351.63 , 166.54
351.45 , 119.91 , 351.63 , 166.54
351.43 , 129.92 , 351.60 , 166.56
352.88 , 169.19 , 353.28 , 169.10
351.40 , 132.63 , 351.80 , 169.22
351.40 , 132.63 , 351.80 , 169.22
351.40 , 132.63 , 351.80 , 169.22
351.40 , 132.63 , 351.80 , 169.22
351.38 , 134.18 , 351.89 , 172.28
352.80 , 131.39 , 353.09 , 169.58
351.40 , 131.46 , 351.69 , 169.62
351.03 , 180.62 , 352.49 , 180.20
349.73 , 180.72 , 351.19 , 180.29
349.67 , 183.78 , 351.19 , 183.37
350.95 , 183.69 , 352.47 , 183.29
350.95 , 183.69 , 352.47 , 183.29
352.24 , 183.61 , 353.74 , 183.24
352.34 , 180.85 , 353.47 , 180.63
352.34 , 180.85 , 353.47 , 180.63
352.34 , 180.85 , 353.47 , 180.63
352.34 , 180.85 , 353.47 , 180.63
353.65 , 180.77 , 354.77 , 180.61
353.65 , 180.77 , 354.77 , 180.61
353.65 , 180.77 , 354.77 , 180.61
353.53 , 183.52 , 355.01 , 183.21
355.23 , 140.93 , 356.34 , 180.52
355.44 , 136.63 , 356.18 , 174.80
355.33 , 138.22 , 356.13 , 177.92
353.92 , 141.01 , 355.05 , 180.54
355.44 , 136.63 , 356.18 , 174.80
354.07 , 136.72 , 354.83 , 174.82
354.07 , 136.72 , 354.83 , 174.82
354.07 , 136.72 , 354.83 , 174.82
354.07 , 136.72 , 354.83 , 174.82
354.07 , 136.72 , 354.83 , 174.82
354.07 , 136.72 , 354.83 , 174.82
354.07 , 136.72 , 354.83 , 174.82
354.00 , 139.44 , 355.07 , 177.43
354.00 , 139.44 , 355.07 , 177.43
354.00 , 139.44 , 355.07 , 177.43
352.66 , 139.54 , 353.75 , 177.48
352.44 , 177.77 , 353.53 , 177.53
352.71 , 136.81 , 353.48 , 174.86
352.54 , 175.03 , 353.30 , 174.91
351.18 , 175.12 , 351.96 , 174.95
352.54 , 175.03 , 353.30 , 174.91
351.18 , 175.12 , 351.96 , 174.95
352.54 , 175.03 , 353.30 , 174.91
354.07 , 136.72 , 354.83 , 174.82
352.76 , 134.10 , 353.26 , 172.23
352.76 , 134.10 , 353.26 , 172.23
352.66 , 138.37 , 353.49 , 177.95
352.71 , 136.81 , 353.48 , 174.86
354.07 , 136.72 , 354.83 , 174.82
351.32 , 169.67 , 351.61 , 169.64
352.80 , 131.39 , 353.09 , 169.58
352.76 , 134.10 , 353.26 , 172.23
354.14 , 134.02 , 354.64 , 172.20
354.22 , 132.44 , 354.60 , 169.11
354.29 , 129.74 , 354.45 , 166.48
354.21 , 131.32 , 354.49 , 169.56
354.21 , 131.32 , 354.49 , 169.56
354.21 , 131.32 , 354.49 , 169.56
352.80 , 131.39 , 353.09 , 169.58
352.85 , 128.70 , 352.97 , 166.92
354.28 , 128.63 , 354.39 , 166.92
352.85 , 128.70 , 352.97 , 166.92
352.80 , 131.39 , 353.09 , 169.58
352.90 , 127.14 , 352.90 , 163.85
352.80 , 131.39 , 353.09 , 169.58
351.47 , 163.87 , 351.47 , 163.91
351.47 , 163.87 , 351.47 , 163.91
351.47 , 163.87 , 351.47 , 163.91
352.93 , 163.80 , 352.91 , 163.90
352.73 , 169.59 , 353.01 , 169.63
352.93 , 163.80 , 352.91 , 163.90
352.82 , 166.89 , 352.93 , 166.97
351.46 , 164.25 , 351.46 , 164.29
349.93 , 167.02 , 350.05 , 166.99
349.93 , 167.02 , 350.05 , 166.99
351.32 , 169.67 , 351.61 , 169.64
349.93 , 167.02 , 350.05 , 166.99
351.39 , 166.95 , 351.51 , 166.97
351.32 , 169.67 , 351.61 , 169.64
351.32 , 169.67 , 351.61 , 169.64
352.63 , 172.31 , 353.13 , 172.28
352.73 , 169.59 , 353.01 , 169.63
352.63 , 172.31 , 353.13 , 172.28
351.32 , 169.67 , 351.61 , 169.64
351.32 , 169.67 , 351.61 , 169.64
351.32 , 169.67 , 351.61 , 169.64
351.32 , 169.67 , 351.61 , 169.64
351.32 , 169.67 , 351.61 , 169.64
351.24 , 172.74 , 351.60 , 172.71
351.24 , 172.74 , 351.60 , 172.71
352.62 , 172.68 , 352.97 , 172.71
351.32 , 169.67 , 351.61 , 169.64
352.73 , 169.59 , 353.01 , 169.63
352.73 , 169.59 , 353.01 , 169.63
351.25 , 172.39 , 351.76 , 172.30
352.62 , 172.68 , 352.97 , 172.71
352.62 , 172.68 , 352.97 , 172.71
352.53 , 175.39 , 353.09 , 175.36
352.53 , 175.39 , 353.09 , 175.36
354.02 , 172.23 , 354.50 , 172.27
352.63 , 172.31 , 353.13 , 172.28
352.63 , 172.31 , 353.13 , 172.28
352.53 , 175.39 , 353.09 , 175.36
352.53 , 175.39 , 353.09 , 175.36
352.63 , 172.31 , 353.13 , 172.28
352.63 , 172.31 , 353.13 , 172.28
352.63 , 172.31 , 353.13 , 172.28
352.54 , 175.03 , 353.30 , 174.91
352.63 , 172.31 , 353.13 , 172.28
352.63 , 172.31 , 353.13 , 172.28
352.63 , 172.31 , 353.13 , 172.28
351.00 , 175.14 , 351.78 , 174.97
353.91 , 174.94 , 354.65 , 174.90
353.91 , 174.94 , 354.65 , 174.90
350.88 , 177.90 , 351.98 , 177.61
350.88 , 177.90 , 351.98 , 177.61
351.03 , 180.94 , 352.18 , 180.67
352.34 , 180.85 , 353.47 , 180.63
351.03 , 180.94 , 352.18 , 180.67
351.10 , 178.19 , 351.94 , 178.03
351.10 , 178.19 , 351.94 , 178.03
352.43 , 178.12 , 353.26 , 178.00
352.32 , 181.20 , 353.15 , 181.10
353.91 , 139.86 , 354.73 , 181.04
352.32 , 181.20 , 353.15 , 181.10
352.32 , 181.20 , 353.15 , 181.10
352.43 , 178.12 , 353.26 , 178.00
352.43 , 178.12 , 353.26 , 178.00
352.53 , 175.39 , 353.09 , 175.36
352.43 , 178.12 , 353.26 , 178.00
352.43 , 178.12 , 353.26 , 178.00
353.89 , 175.33 , 354.43 , 175.37
352.53 , 175.39 , 353.09 , 175.36
353.89 , 175.33 , 354.43 , 175.37
355.42 , 135.52 , 355.96 , 175.30
355.42 , 135.52 , 355.96 , 175.30
354.06 , 135.59 , 354.62 , 175.30
353.99 , 138.29 , 354.81 , 177.92
353.99 , 138.29 , 354.81 , 177.92
353.99 , 138.29 , 354.81 , 177.92
353.99 , 138.29 , 354.81 , 177.92
352.43 , 178.12 , 353.26 , 178.00
354.06 , 135.59 , 354.62 , 175.30
352.53 , 175.39 , 353.09 , 175.36
352.53 , 175.39 , 353.09 , 175.36
354.06 , 135.59 , 354.62 , 175.30
354.06 , 135.59 , 354.62 , 175.30
354.13 , 132.89 , 354.47 , 172.66
354.06 , 135.59 , 354.62 , 175.30
354.06 , 135.59 , 354.62 , 175.30
354.06 , 135.59 , 354.62 , 175.30
353.99 , 138.29 , 354.81 , 177.92
353.99 , 138.29 , 354.81 , 177.92
354.06 , 135.59 , 354.62 , 175.30
352.66 , 138.37 , 353.49 , 177.95
352.66 , 138.37 , 353.49 , 177.95
352.66 , 138.37 , 353.49 , 177.95
352.66 , 138.37 , 353.49 , 177.95
352.70 , 135.65 , 353.27 , 175.31
352.70 , 135.65 , 353.27 , 175.31
352.75 , 132.95 , 353.11 , 172.66
352.75 , 132.95 , 353.11 , 172.66
352.70 , 135.65 , 353.27 , 175.31
354.26 , 172.19 , 354.77 , 172.12
354.26 , 172.19 , 354.77 , 172.12
352.76 , 134.10 , 353.26 , 172.23
352.71 , 136.81 , 353.48 , 174.86
354.21 , 131.32 , 354.49 , 169.56
354.21 , 131.32 , 354.49 , 169.56
354.21 , 131.32 , 354.49 , 169.56
352.62 , 172.68 , 352.97 , 172.71
351.31 , 170.03 , 351.50 , 170.03
351.31 , 170.03 , 351.50 , 170.03
351.39 , 166.95 , 351.51 , 166.97
351.38 , 167.32 , 351.45 , 167.35
351.38 , 167.32 , 351.45 , 167.35
351.38 , 167.32 , 351.45 , 167.35
349.96 , 167.36 , 350.03 , 167.35
349.96 , 167.36 , 350.03 , 167.35
349.96 , 167.36 , 350.03 , 167.35
350.01 , 164.65 , 350.01 , 164.65
352.83 , 126.43 , 352.85 , 167.73
351.37 , 167.69 , 351.39 , 167.73
352.83 , 126.43 , 352.85 , 167.73
351.37 , 167.69 , 351.39 , 167.73
352.83 , 126.43 , 352.85 , 167.73
352.79 , 129.12 , 352.88 , 170.41
352.84 , 127.56 , 352.91 , 167.33
352.79 , 129.12 , 352.88 , 170.41
352.84 , 127.56 , 352.91 , 167.33
351.14 , 176.52 , 351.11 , 176.56
349.40 , 176.52 , 349.37 , 176.53
349.56 , 173.47 , 349.62 , 173.47
352.70 , 170.37 , 352.78 , 170.46
352.81 , 167.29 , 352.86 , 167.38
352.81 , 167.29 , 352.86 , 167.38
354.24 , 167.25 , 354.28 , 167.43
354.37 , 164.15 , 354.33 , 164.34
354.24 , 167.25 , 354.28 , 167.43
353.96 , 173.44 , 353.99 , 173.61
353.96 , 173.44 , 353.99 , 173.61
354.10 , 170.35 , 354.16 , 170.52
354.84 , 182.71 , 354.44 , 183.01
354.84 , 182.71 , 354.44 , 183.01
356.44 , 135.38 , 356.03 , 183.04
356.30 , 136.96 , 355.65 , 186.14
356.44 , 135.38 , 356.03 , 183.04
356.44 , 135.38 , 356.03 , 183.04
356.44 , 135.38 , 356.03 , 183.04
356.58 , 133.80 , 356.37 , 179.93
356.71 , 132.22 , 356.64 , 176.82
356.71 , 132.22 , 356.64 , 176.82
356.44 , 135.38 , 356.03 , 183.04
356.44 , 135.38 , 356.03 , 183.04
356.44 , 135.38 , 356.03 , 183.04
356.41 , 134.30 , 355.72 , 183.48
356.69 , 131.15 , 356.43 , 177.28
358.25 , 176.52 , 358.19 , 176.80
359.47 , 179.66 , 359.24 , 180.05
358.37 , 173.40 , 358.39 , 173.67
358.57 , 167.63 , 358.56 , 167.92
359.89 , 170.24 , 359.91 , 170.65
360.00 , 167.62 , 359.96 , 168.05
360.00 , 167.62 , 359.96 , 168.05
360.00 , 167.62 , 359.96 , 168.05
360.14 , 164.47 , 360.07 , 164.92
360.14 , 164.47 , 360.07 , 164.92
360.14 , 164.47 , 360.07 , 164.92
360.14 , 164.47 , 360.07 , 164.92
360.00 , 167.62 , 359.96 , 168.05
360.14 , 164.47 , 360.07 , 164.92
360.14 , 164.47 , 360.07 , 164.92
360.11 , 165.00 , 360.05 , 165.44
360.11 , 165.00 , 360.05 , 165.44
360.25 , 161.85 , 360.16 , 162.31
360.14 , 164.47 , 360.07 , 164.92
360.25 , 161.85 , 360.16 , 162.31
360.14 , 164.47 , 360.07 , 164.92
360.28 , 161.32 , 360.12 , 161.79
360.28 , 161.32 , 360.12 , 161.79
360.14 , 164.47 , 360.07 , 164.92
360.14 , 164.47 , 360.07 , 164.92
358.71 , 124.78 , 358.62 , 164.95
360.00 , 167.62 , 359.96 , 168.05
360.11 , 165.00 , 360.05 , 165.44
360.00 , 167.62 , 359.96 , 168.05
360.00 , 167.62 , 359.96 , 168.05
360.00 , 167.62 , 359.96 , 168.05
360.00 , 167.62 , 359.96 , 168.05
360.00 , 167.62 , 359.96 , 168.05
360.11 , 165.00 , 360.05 , 165.44
360.25 , 161.85 , 360.16 , 162.31
360.14 , 164.47 , 360.07 , 164.92
359.97 , 168.14 , 359.89 , 168.57
359.97 , 168.14 , 359.89 , 168.57
360.11 , 165.00 , 360.05 , 165.44
360.11 , 165.00 , 360.05 , 165.44
360.11 , 165.00 , 360.05 , 165.44
360.11 , 165.00 , 360.05 , 165.44
360.25 , 161.85 , 360.16 , 162.31
360.51 , 156.09 , 360.34 , 156.57
360.25 , 161.85 , 360.16 , 162.31
360.11 , 165.00 , 360.05 , 165.44
359.97 , 168.14 , 359.89 , 168.57
360.08 , 165.53 , 360.04 , 165.96
361.57 , 165.00 , 361.47 , 165.60
360.11 , 165.00 , 360.05 , 165.44
360.11 , 165.00 , 360.05 , 165.44
360.11 , 165.00 , 360.05 , 165.44
359.97 , 168.14 , 359.89 , 168.57
360.25 , 161.85 , 360.16 , 162.31
361.40 , 168.15 , 361.29 , 168.74
359.97 , 168.14 , 359.89 , 168.57
359.97 , 168.14 , 359.89 , 168.57
359.97 , 168.14 , 359.89 , 168.57
359.97 , 168.14 , 359.89 , 168.57
359.97 , 168.14 , 359.89 , 168.57
360.54 , 155.54 , 360.20 , 156.06
360.54 , 155.54 , 360.20 , 156.06
360.68 , 152.37 , 360.14 , 152.95
360.68 , 152.37 , 360.14 , 152.95
360.79 , 149.75 , 360.26 , 150.33
359.52 , 115.64 , 358.70 , 149.90
359.52 , 115.64 , 358.70 , 149.90
359.52 , 115.64 , 358.70 , 149.90
359.52 , 115.64 , 358.70 , 149.90
360.54 , 155.54 , 360.20 , 156.06
359.18 , 118.91 , 358.83 , 156.10
359.18 , 118.91 , 358.83 , 156.10
359.18 , 118.91 , 358.83 , 156.10
360.33 , 122.13 , 360.17 , 162.49
360.33 , 122.13 , 360.17 , 162.49
358.71 , 124.78 , 358.62 , 164.95
358.54 , 126.38 , 358.48 , 168.07
358.50 , 125.35 , 358.41 , 168.57
358.50 , 125.35 , 358.41 , 168.57
358.37 , 127.98 , 358.29 , 171.20
358.37 , 127.98 , 358.29 , 171.20
358.37 , 127.98 , 358.29 , 171.20
358.54 , 126.38 , 358.48 , 168.07
358.20 , 129.58 , 358.05 , 174.32
358.37 , 127.98 , 358.29 , 171.20
358.20 , 129.58 , 358.05 , 174.32
360.00 , 167.62 , 359.96 , 168.05
360.00 , 167.62 , 359.96 , 168.05
360.00 , 167.62 , 359.96 , 168.05
360.11 , 165.00 , 360.05 , 165.44
360.11 , 165.00 , 360.05 , 165.44
358.67 , 123.75 , 358.60 , 165.45
358.50 , 125.35 , 358.41 , 168.57
358.50 , 125.35 , 358.41 , 168.57
358.67 , 123.75 , 358.60 , 165.45
358.50 , 125.35 , 358.41 , 168.57
358.67 , 123.75 , 358.60 , 165.45
358.67 , 123.75 , 358.60 , 165.45
358.67 , 123.75 , 358.60 , 165.45
358.81 , 121.12 , 358.76 , 162.83
358.97 , 119.52 , 358.89 , 159.71
358.81 , 121.12 , 358.76 , 162.83
358.64 , 122.72 , 358.58 , 165.95
358.81 , 121.12 , 358.76 , 162.83
360.11 , 165.00 , 360.05 , 165.44
360.08 , 165.53 , 360.04 , 165.96
359.94 , 168.66 , 359.83 , 169.09
359.94 , 168.66 , 359.83 , 169.09
359.83 , 171.28 , 359.68 , 171.70
359.83 , 171.28 , 359.68 , 171.70
359.97 , 168.14 , 359.89 , 168.57
359.97 , 168.14 , 359.89 , 168.57
359.97 , 168.14 , 359.89 , 168.57
359.94 , 168.66 , 359.83 , 169.09
359.83 , 171.28 , 359.68 , 171.70
359.83 , 171.28 , 359.68 , 171.70
359.83 , 171.28 , 359.68 , 171.70
359.97 , 168.14 , 359.89 , 168.57
361.40 , 168.15 , 361.29 , 168.74
359.97 , 168.14 , 359.89 , 168.57
359.86 , 170.76 , 359.79 , 171.18
360.00 , 167.62 , 359.96 , 168.05
360.00 , 167.62 , 359.96 , 168.05
360.00 , 167.62 , 359.96 , 168.05
360.00 , 167.62 , 359.96 , 168.05
360.00 , 167.62 , 359.96 , 168.05
360.00 , 167.62 , 359.96 , 168.05
360.00 , 167.62 , 359.96 , 168.05
360.14 , 164.47 , 360.07 , 164.92
360.25 , 161.85 , 360.16 , 162.31
360.25 , 161.85 , 360.16 , 162.31
358.50 , 125.35 , 358.41 , 168.57
360.11 , 165.00 , 360.05 , 165.44
360.11 , 165.00 , 360.05 , 165.44
360.00 , 167.62 , 359.96 , 168.05
359.97 , 168.14 , 359.89 , 168.57
359.86 , 170.76 , 359.79 , 171.18
358.37 , 127.98 , 358.29 , 171.20
359.86 , 170.76 , 359.79 , 171.18
358.20 , 129.58 , 358.05 , 174.32
358.20 , 129.58 , 358.05 , 174.32
358.20 , 129.58 , 358.05 , 174.32
358.20 , 129.58 , 358.05 , 174.32
358.20 , 129.58 , 358.05 , 174.32
358.37 , 127.98 , 358.29 , 171.20
358.20 , 129.58 , 358.05 , 174.32
356.44 , 135.38 , 356.03 , 183.04
357.56 , 136.98 , 356.89 , 186.30
357.87 , 132.76 , 357.39 , 180.55
359.44 , 180.17 , 358.97 , 180.56
358.14 , 179.65 , 357.94 , 179.92
357.79 , 189.55 , 356.45 , 189.67
357.81 , 189.05 , 356.86 , 189.25
357.81 , 189.05 , 356.86 , 189.25
357.81 , 189.05 , 356.86 , 189.25
357.92 , 185.91 , 357.27 , 186.15
358.14 , 179.65 , 357.94 , 179.92
358.03 , 182.78 , 357.63 , 183.04
357.90 , 133.81 , 357.66 , 180.07
357.90 , 133.81 , 357.66 , 180.07
358.20 , 129.58 , 358.05 , 174.32
359.75 , 173.38 , 359.74 , 173.79
358.23 , 130.62 , 358.22 , 173.82
359.75 , 173.38 , 359.74 , 173.79
359.75 , 173.38 , 359.74 , 173.79
359.75 , 173.38 , 359.74 , 173.79
359.61 , 176.52 , 359.52 , 176.92
359.61 , 176.52 , 359.52 , 176.92
358.03 , 182.78 , 357.63 , 183.04
359.47 , 179.66 , 359.24 , 180.05
359.47 , 179.66 , 359.24 , 180.05
359.21 , 185.43 , 358.89 , 185.81
359.47 , 179.66 , 359.24 , 180.05
359.61 , 176.52 , 359.52 , 176.92
360.96 , 176.52 , 360.84 , 177.07
359.33 , 182.80 , 358.91 , 183.18
359.33 , 182.80 , 358.91 , 183.18
359.21 , 185.43 , 358.89 , 185.81
359.33 , 182.80 , 358.91 , 183.18
359.47 , 179.66 , 359.24 , 180.05
359.47 , 179.66 , 359.24 , 180.05
359.61 , 176.52 , 359.52 , 176.92
359.61 , 176.52 , 359.52 , 176.92
359.75 , 173.38 , 359.74 , 173.79
359.75 , 173.38 , 359.74 , 173.79
359.75 , 173.38 , 359.74 , 173.79
359.72 , 173.90 , 359.57 , 174.31
359.86 , 170.76 , 359.79 , 171.18
359.86 , 170.76 , 359.79 , 171.18
359.72 , 173.90 , 359.57 , 174.31
359.58 , 177.03 , 359.30 , 177.44
359.72 , 173.90 , 359.57 , 174.31
359.72 , 173.90 , 359.57 , 174.31
359.72 , 173.90 , 359.57 , 174.31
359.97 , 168.14 , 359.89 , 168.57
361.27 , 170.76 , 361.17 , 171.33
361.06 , 174.45 , 360.75 , 175.01
359.69 , 174.41 , 359.41 , 174.82
359.69 , 174.41 , 359.41 , 174.82
359.83 , 171.28 , 359.68 , 171.70
361.06 , 174.45 , 360.75 , 175.01
361.23 , 171.30 , 361.05 , 171.88
361.06 , 174.45 , 360.75 , 175.01
361.06 , 174.45 , 360.75 , 175.01
360.93 , 177.05 , 360.62 , 177.61
361.06 , 174.45 , 360.75 , 175.01
361.23 , 171.30 , 361.05 , 171.88
361.10 , 173.91 , 360.92 , 174.47
361.27 , 170.76 , 361.17 , 171.33
361.27 , 170.76 , 361.17 , 171.33
361.44 , 167.61 , 361.36 , 168.19
361.44 , 167.61 , 361.36 , 168.19
361.61 , 164.45 , 361.49 , 165.06
360.14 , 164.47 , 360.07 , 164.92
360.14 , 164.47 , 360.07 , 164.92
360.28 , 161.32 , 360.12 , 161.79
360.28 , 161.32 , 360.12 , 161.79
360.28 , 161.32 , 360.12 , 161.79
360.28 , 161.32 , 360.12 , 161.79
360.40 , 158.70 , 360.21 , 159.18
360.98 , 145.98 , 359.84 , 146.75
360.83 , 149.18 , 360.02 , 149.84
360.72 , 151.80 , 359.95 , 152.46
360.43 , 158.16 , 360.12 , 158.67
360.54 , 155.54 , 360.20 , 156.06
360.54 , 155.54 , 360.20 , 156.06
359.18 , 118.91 , 358.83 , 156.10
360.54 , 155.54 , 360.20 , 156.06
360.54 , 155.54 , 360.20 , 156.06
360.40 , 158.70 , 360.21 , 159.18
360.40 , 158.70 , 360.21 , 159.18
360.40 , 158.70 , 360.21 , 159.18
360.28 , 161.32 , 360.12 , 161.79
360.25 , 161.85 , 360.16 , 162.31
359.97 , 168.14 , 359.89 , 168.57
360.11 , 165.00 , 360.05 , 165.44
359.83 , 171.28 , 359.68 , 171.70
359.83 , 171.28 , 359.68 , 171.70
359.83 , 171.28 , 359.68 , 171.70
359.83 , 171.28 , 359.68 , 171.70
359.97 , 168.14 , 359.89 , 168.57
360.11 , 165.00 , 360.05 , 165.44
360.11 , 165.00 , 360.05 , 165.44
360.54 , 155.54 , 360.20 , 156.06
360.68 , 152.37 , 360.14 , 152.95
360.57 , 154.99 , 360.06 , 155.56
360.68 , 152.37 , 360.14 , 152.95
360.57 , 154.99 , 360.06 , 155.56
358.87 , 123.16 , 358.70 , 161.84
359.05 , 121.54 , 358.72 , 158.73
359.05 , 121.54 , 358.72 , 158.73
360.57 , 121.49 , 360.19 , 158.85
360.57 , 154.99 , 360.06 , 155.56
359.22 , 119.91 , 358.69 , 155.63
360.57 , 154.99 , 360.06 , 155.56
359.22 , 119.91 , 358.69 , 155.63
359.74 , 114.96 , 358.26 , 146.40
362.85 , 142.00 , 360.86 , 143.33
361.27 , 139.53 , 359.32 , 140.61
361.16 , 142.15 , 359.26 , 143.25
361.31 , 138.89 , 358.92 , 140.22
361.16 , 142.15 , 359.26 , 143.25
361.16 , 142.15 , 359.26 , 143.25
359.91 , 113.28 , 358.00 , 143.36
359.56 , 116.62 , 358.46 , 149.46
359.39 , 118.27 , 358.61 , 152.53
359.56 , 116.62 , 358.46 , 149.46
359.56 , 116.62 , 358.46 , 149.46
359.56 , 116.62 , 358.46 , 149.46
359.56 , 116.62 , 358.46 , 149.46
360.78 , 119.84 , 360.19 , 155.74
360.53 , 120.50 , 360.28 , 159.36
360.25 , 161.85 , 360.16 , 162.31
361.74 , 161.84 , 361.61 , 162.46
361.91 , 158.67 , 361.68 , 159.33
361.91 , 158.67 , 361.68 , 159.33
361.78 , 161.28 , 361.57 , 161.92
361.57 , 165.00 , 361.47 , 165.60
361.57 , 165.00 , 361.47 , 165.60
361.61 , 164.45 , 361.49 , 165.06
361.61 , 164.45 , 361.49 , 165.06
361.78 , 161.28 , 361.57 , 161.92
361.91 , 158.67 , 361.68 , 159.33
361.57 , 165.00 , 361.47 , 165.60
361.57 , 165.00 , 361.47 , 165.60
361.57 , 165.00 , 361.47 , 165.60
361.40 , 168.15 , 361.29 , 168.74
361.40 , 168.15 , 361.29 , 168.74
361.40 , 168.15 , 361.29 , 168.74
361.23 , 171.30 , 361.05 , 171.88
361.40 , 168.15 , 361.29 , 168.74
361.53 , 165.55 , 361.46 , 166.15
361.70 , 162.40 , 361.64 , 163.01
361.70 , 162.40 , 361.64 , 163.01
361.70 , 162.40 , 361.64 , 163.01
361.70 , 162.40 , 361.64 , 163.01
361.70 , 162.40 , 361.64 , 163.01
361.87 , 159.24 , 361.76 , 159.87
362.05 , 156.07 , 361.83 , 156.73
362.05 , 156.07 , 361.83 , 156.73
361.74 , 161.84 , 361.61 , 162.46
361.74 , 161.84 , 361.61 , 162.46
361.57 , 165.00 , 361.47 , 165.60
361.57 , 165.00 , 361.47 , 165.60
361.57 , 165.00 , 361.47 , 165.60
360.11 , 165.00 , 360.05 , 165.44
360.11 , 165.00 , 360.05 , 165.44
360.11 , 165.00 , 360.05 , 165.44
361.57 , 165.00 , 361.47 , 165.60
361.57 , 165.00 , 361.47 , 165.60
360.11 , 165.00 , 360.05 , 165.44
359.55 , 177.55 , 359.08 , 177.94
358.00 , 130.12 , 357.53 , 177.91
359.69 , 174.41 , 359.41 , 174.82
358.17 , 128.54 , 357.88 , 174.80
359.69 , 174.41 , 359.41 , 174.82
358.17 , 128.54 , 357.88 , 174.80
358.17 , 128.54 , 357.88 , 174.80
357.83 , 131.71 , 357.12 , 181.01
358.00 , 130.12 , 357.53 , 177.91
357.87 , 132.76 , 357.39 , 180.55
357.87 , 132.76 , 357.39 , 180.55
358.03 , 131.17 , 357.74 , 177.44
358.03 , 131.17 , 357.74 , 177.44
357.87 , 132.76 , 357.39 , 180.55
358.03 , 131.17 , 357.74 , 177.44
358.03 , 131.17 , 357.74 , 177.44
357.90 , 133.81 , 357.66 , 180.07
357.90 , 133.81 , 357.66 , 180.07
357.90 , 133.81 , 357.66 , 180.07
356.58 , 133.80 , 356.37 , 179.93
356.71 , 132.22 , 356.64 , 176.82
356.71 , 132.22 , 356.64 , 176.82
356.85 , 130.63 , 356.87 , 173.70
358.23 , 130.62 , 358.22 , 173.82
358.37 , 127.98 , 358.29 , 171.20
356.99 , 129.04 , 357.03 , 170.59
358.40 , 129.02 , 358.41 , 170.70
357.24 , 124.80 , 357.19 , 164.84
358.71 , 124.78 , 358.62 , 164.95
358.71 , 124.78 , 358.62 , 164.95
358.71 , 124.78 , 358.62 , 164.95
358.71 , 124.78 , 358.62 , 164.95
358.87 , 123.16 , 358.70 , 161.84
358.54 , 126.38 , 358.48 , 168.07
358.37 , 127.98 , 358.29 , 171.20
358.37 , 127.98 , 358.29 , 171.20
358.20 , 129.58 , 358.05 , 174.32
358.34 , 126.95 , 358.17 , 171.69
358.17 , 128.54 , 357.88 , 174.80
358.17 , 128.54 , 357.88 , 174.80
358.00 , 130.12 , 357.53 , 177.91
359.41 , 180.69 , 358.71 , 181.04
359.55 , 177.55 , 359.08 , 177.94
359.69 , 174.41 , 359.41 , 174.82
359.69 , 174.41 , 359.41 , 174.82
359.83 , 171.28 , 359.68 , 171.70
359.83 , 171.28 , 359.68 , 171.70
359.97 , 168.14 , 359.89 , 168.57
359.97 , 168.14 , 359.89 , 168.57
360.25 , 161.85 , 360.16 , 162.31
360.14 , 164.47 , 360.07 , 164.92
360.14 , 164.47 , 360.07 , 164.92
360.14 , 164.47 , 360.07 , 164.92
360.14 , 164.47 , 360.07 , 164.92
360.11 , 165.00 , 360.05 , 165.44
360.11 , 165.00 , 360.05 , 165.44
360.11 , 165.00 , 360.05 , 165.44
359.97 , 168.14 , 359.89 , 168.57
360.00 , 167.62 , 359.96 , 168.05
359.44 , 180.17 , 358.97 , 180.56
359.44 , 180.17 , 358.97 , 180.56
359.58 , 177.03 , 359.30 , 177.44
359.86 , 170.76 , 359.79 , 171.18
359.86 , 170.76 , 359.79 , 171.18
360.00 , 167.62 , 359.96 , 168.05
360.14 , 164.47 , 360.07 , 164.92
360.14 , 164.47 , 360.07 , 164.92
361.61 , 164.45 , 361.49 , 165.06
360.14 , 164.47 , 360.07 , 164.92
360.14 , 164.47 , 360.07 , 164.92
360.14 , 164.47 , 360.07 , 164.92
360.14 , 164.47 , 360.07 , 164.92
360.00 , 167.62 , 359.96 , 168.05
360.00 , 167.62 , 359.96 , 168.05
359.86 , 170.76 , 359.79 , 171.18
359.72 , 173.90 , 359.57 , 174.31
359.72 , 173.90 , 359.57 , 174.31
359.72 , 173.90 , 359.57 , 174.31
359.86 , 170.76 , 359.79 , 171.18
359.86 , 170.76 , 359.79 , 171.18
359.86 , 170.76 , 359.79 , 171.18
359.86 , 170.76 , 359.79 , 171.18
359.72 , 173.90 , 359.57 , 174.31
359.72 , 173.90 , 359.57 , 174.31
358.03 , 131.17 , 357.74 , 177.44
358.03 , 131.17 , 357.74 , 177.44
357.87 , 132.76 , 357.39 , 180.55
359.30 , 183.31 , 358.59 , 183.67
359.19 , 185.94 , 358.52 , 186.30
359.30 , 183.31 , 358.59 , 183.67
359.44 , 180.17 , 358.97 , 180.56
359.44 , 180.17 , 358.97 , 180.56
359.30 , 183.31 , 358.59 , 183.67
359.02 , 189.61 , 357.66 , 189.86
359.16 , 186.46 , 358.15 , 186.77
359.30 , 183.31 , 358.59 , 183.67
359.30 , 183.31 , 358.59 , 183.67
359.44 , 180.17 , 358.97 , 180.56
359.86 , 170.76 , 359.79 , 171.18
359.58 , 177.03 , 359.30 , 177.44
359.58 , 177.03 , 359.30 , 177.44
359.86 , 170.76 , 359.79 , 171.18
359.72 , 173.90 , 359.57 , 174.31
359.72 , 173.90 , 359.57 , 174.31
359.58 , 177.03 , 359.30 , 177.44
359.58 , 177.03 , 359.30 , 177.44
359.58 , 177.03 , 359.30 , 177.44
359.58 , 177.03 , 359.30 , 177.44
359.86 , 170.76 , 359.79 , 171.18
359.86 , 170.76 , 359.79 , 171.18
359.75 , 173.38 , 359.74 , 173.79
359.75 , 173.38 , 359.74 , 173.79
359.47 , 179.66 , 359.24 , 180.05
359.47 , 179.66 , 359.24 , 180.05
359.61 , 176.52 , 359.52 , 176.92
359.61 , 176.52 , 359.52 , 176.92
359.75 , 173.38 , 359.74 , 173.79
359.63 , 176.02 , 359.74 , 176.39
359.75 , 173.38 , 359.74 , 173.79
359.78 , 172.88 , 359.91 , 173.25
359.61 , 176.52 , 359.52 , 176.92
359.49 , 179.15 , 359.51 , 179.53
359.49 , 179.15 , 359.51 , 179.53
359.61 , 176.52 , 359.52 , 176.92
359.61 , 176.52 , 359.52 , 176.92
359.75 , 173.38 , 359.74 , 173.79
359.49 , 179.15 , 359.51 , 179.53
359.63 , 176.02 , 359.74 , 176.39
359.49 , 179.15 , 359.51 , 179.53
359.49 , 179.15 , 359.51 , 179.53
359.49 , 179.15 , 359.51 , 179.53
359.61 , 176.52 , 359.52 , 176.92
359.35 , 182.29 , 359.22 , 182.67
359.61 , 176.52 , 359.52 , 176.92
359.47 , 179.66 , 359.24 , 180.05
359.33 , 182.80 , 358.91 , 183.18
359.33 , 182.80 , 358.91 , 183.18
359.61 , 176.52 , 359.52 , 176.92
