557.58 , 357.01 , 416.87 , 239.01
565.82 , 369.77 , 413.29 , 240.17
557.53 , 358.57 , 416.62 , 240.69
575.01 , 385.31 , 409.44 , 242.98
565.77 , 371.33 , 413.05 , 241.88
558.55 , 358.44 , 417.81 , 241.38
551.18 , 346.74 , 421.39 , 240.09
558.55 , 358.44 , 417.81 , 241.38
543.50 , 336.03 , 423.61 , 238.01
527.09 , 307.87 , 433.66 , 233.28
529.91 , 316.76 , 427.55 , 233.57
542.47 , 336.13 , 422.30 , 237.32
536.43 , 326.07 , 425.66 , 235.83
530.96 , 316.70 , 428.96 , 234.25
532.04 , 316.63 , 430.37 , 234.95
533.16 , 316.57 , 431.79 , 235.65
533.16 , 316.57 , 431.79 , 235.65
528.24 , 307.82 , 435.13 , 233.99
525.05 , 313.08 , 430.49 , 236.90
544.56 , 335.94 , 424.91 , 238.70
532.04 , 316.63 , 430.37 , 234.95
537.49 , 325.99 , 427.02 , 236.52
549.14 , 346.96 , 418.89 , 238.71
543.50 , 336.03 , 423.61 , 238.01
532.04 , 316.63 , 430.37 , 234.95
520.66 , 304.74 , 433.77 , 235.21
520.66 , 304.74 , 433.77 , 235.21
525.05 , 313.08 , 430.49 , 236.90
533.16 , 316.57 , 431.79 , 235.65
527.09 , 307.87 , 433.66 , 233.28
537.49 , 325.99 , 427.02 , 236.52
550.15 , 346.85 , 420.14 , 239.39
557.53 , 358.57 , 416.62 , 240.69
585.41 , 400.72 , 405.79 , 243.99
609.78 , 437.22 , 397.46 , 245.02
596.31 , 418.04 , 401.12 , 244.22
596.31 , 418.04 , 401.12 , 244.22
625.26 , 458.90 , 393.78 , 245.73
664.30 , 512.20 , 386.38 , 246.84
664.30 , 512.20 , 386.38 , 246.84
689.32 , 545.65 , 382.66 , 247.25
664.34 , 510.62 , 386.50 , 244.82
643.27 , 482.05 , 390.23 , 244.36
643.27 , 482.05 , 390.23 , 244.36
644.06 , 483.36 , 390.94 , 247.01
610.65 , 437.00 , 398.41 , 245.70
626.12 , 458.65 , 394.68 , 246.40
610.65 , 437.00 , 398.41 , 245.70
627.00 , 458.40 , 395.56 , 247.08
610.65 , 437.00 , 398.41 , 245.70
627.00 , 458.40 , 395.56 , 247.08
611.56 , 436.77 , 399.34 , 246.37
597.20 , 417.83 , 402.11 , 244.89
611.56 , 436.77 , 399.34 , 246.37
598.13 , 417.63 , 403.10 , 245.57
585.41 , 400.72 , 405.79 , 243.99
598.13 , 417.63 , 403.10 , 245.57
587.34 , 400.35 , 407.86 , 245.35
576.98 , 384.97 , 411.61 , 244.36
566.77 , 371.18 , 414.19 , 242.57
576.98 , 384.97 , 411.61 , 244.36
567.79 , 371.03 , 415.33 , 243.27
567.79 , 371.03 , 415.33 , 243.27
551.18 , 346.74 , 421.39 , 240.09
566.77 , 371.18 , 414.19 , 242.57
587.34 , 400.35 , 407.86 , 245.35
587.34 , 400.35 , 407.86 , 245.35
575.98 , 385.14 , 410.53 , 243.67
598.13 , 417.63 , 403.10 , 245.57
611.56 , 436.77 , 399.34 , 246.37
611.56 , 436.77 , 399.34 , 246.37
644.93 , 483.09 , 391.77 , 247.68
666.02 , 510.07 , 388.13 , 246.21
644.99 , 481.55 , 391.95 , 245.75
644.11 , 481.80 , 391.10 , 245.05
665.16 , 510.35 , 387.33 , 245.52
644.11 , 481.80 , 391.10 , 245.05
644.99 , 481.55 , 391.95 , 245.75
627.06 , 456.86 , 395.76 , 245.19
611.56 , 436.77 , 399.34 , 246.37
644.99 , 481.55 , 391.95 , 245.75
597.24 , 416.27 , 402.32 , 243.06
597.24 , 416.27 , 402.32 , 243.06
597.24 , 416.27 , 402.32 , 243.06
575.05 , 383.74 , 409.67 , 241.24
565.82 , 369.77 , 413.29 , 240.17
565.82 , 369.77 , 413.29 , 240.17
557.58 , 357.01 , 416.87 , 239.01
556.59 , 357.12 , 415.65 , 238.31
574.11 , 383.89 , 408.55 , 240.53
575.05 , 383.74 , 409.67 , 241.24
557.58 , 357.01 , 416.87 , 239.01
550.19 , 345.29 , 420.40 , 237.76
543.54 , 334.47 , 423.88 , 236.40
543.54 , 334.47 , 423.88 , 236.40
551.24 , 345.20 , 421.68 , 238.47
550.19 , 345.29 , 420.40 , 237.76
544.61 , 334.40 , 425.21 , 237.12
539.76 , 324.31 , 430.07 , 236.41
551.24 , 345.20 , 421.68 , 238.47
545.71 , 334.32 , 426.54 , 237.85
538.63 , 324.37 , 428.68 , 235.68
538.63 , 324.37 , 428.68 , 235.68
532.09 , 315.07 , 430.66 , 233.41
537.53 , 324.43 , 427.30 , 234.95
537.53 , 324.43 , 427.30 , 234.95
543.54 , 334.47 , 423.88 , 236.40
532.09 , 315.07 , 430.66 , 233.41
532.09 , 315.07 , 430.66 , 233.41
531.00 , 315.11 , 429.22 , 232.69
557.58 , 357.01 , 416.87 , 239.01
566.82 , 369.64 , 414.46 , 240.88
558.60 , 356.90 , 418.09 , 239.73
551.24 , 345.20 , 421.68 , 238.47
543.54 , 334.47 , 423.88 , 236.40
543.54 , 334.47 , 423.88 , 236.40
542.50 , 334.55 , 422.55 , 235.69
549.18 , 345.38 , 419.13 , 237.05
549.18 , 345.38 , 419.13 , 237.05
556.59 , 357.12 , 415.65 , 238.31
574.11 , 383.89 , 408.55 , 240.53
565.82 , 369.77 , 413.29 , 240.17
564.85 , 369.89 , 412.12 , 239.47
556.59 , 357.12 , 415.65 , 238.31
556.59 , 357.12 , 415.65 , 238.31
564.85 , 369.89 , 412.12 , 239.47
555.63 , 357.22 , 414.42 , 237.61
555.63 , 357.22 , 414.42 , 237.61
563.92 , 370.02 , 410.95 , 238.77
574.07 , 385.47 , 408.34 , 242.31
563.92 , 370.02 , 410.95 , 238.77
556.55 , 358.70 , 415.42 , 240.00
556.59 , 357.12 , 415.65 , 238.31
550.19 , 345.29 , 420.40 , 237.76
543.50 , 336.03 , 423.61 , 238.01
549.14 , 346.96 , 418.89 , 238.71
542.50 , 334.55 , 422.55 , 235.69
537.53 , 324.43 , 427.30 , 234.95
531.00 , 315.11 , 429.22 , 232.69
532.09 , 315.07 , 430.66 , 233.41
543.54 , 334.47 , 423.88 , 236.40
536.47 , 324.49 , 425.92 , 234.24
542.50 , 334.55 , 422.55 , 235.69
536.47 , 324.49 , 425.92 , 234.24
526.02 , 306.34 , 432.46 , 231.05
536.47 , 324.49 , 425.92 , 234.24
531.00 , 315.11 , 429.22 , 232.69
526.02 , 306.34 , 432.46 , 231.05
521.49 , 298.08 , 435.62 , 229.32
521.49 , 298.08 , 435.62 , 229.32
517.35 , 290.29 , 438.71 , 227.50
512.39 , 282.91 , 440.06 , 224.88
508.89 , 275.89 , 442.93 , 222.88
508.89 , 275.89 , 442.93 , 222.88
516.18 , 291.90 , 436.87 , 228.28
515.08 , 291.92 , 435.31 , 227.60
516.18 , 291.90 , 436.87 , 228.28
517.31 , 291.88 , 438.44 , 228.98
513.56 , 282.92 , 441.71 , 225.59
521.49 , 298.08 , 435.62 , 229.32
518.52 , 290.29 , 440.30 , 228.23
511.86 , 287.87 , 438.87 , 229.39
508.49 , 280.78 , 441.86 , 227.47
509.72 , 280.79 , 443.47 , 228.20
508.49 , 280.78 , 441.86 , 227.47
505.40 , 274.03 , 444.77 , 225.45
511.86 , 287.87 , 438.87 , 229.39
510.69 , 287.87 , 437.32 , 228.67
510.69 , 287.87 , 437.32 , 228.67
507.28 , 280.78 , 440.26 , 226.74
527.14 , 306.31 , 433.95 , 231.77
521.49 , 298.08 , 435.62 , 229.32
521.49 , 298.08 , 435.62 , 229.32
522.63 , 298.06 , 437.16 , 230.05
518.52 , 290.29 , 440.30 , 228.23
522.90 , 311.61 , 428.01 , 233.94
518.46 , 303.24 , 431.19 , 232.28
527.77 , 320.52 , 424.77 , 235.52
523.99 , 311.57 , 429.41 , 234.65
523.99 , 311.57 , 429.41 , 234.65
519.57 , 303.21 , 432.64 , 232.99
528.84 , 320.46 , 426.12 , 236.22
528.84 , 320.46 , 426.12 , 236.22
542.50 , 334.55 , 422.55 , 235.69
549.18 , 345.38 , 419.13 , 237.05
543.55 , 332.91 , 424.23 , 234.83
536.47 , 324.49 , 425.92 , 234.24
537.54 , 322.87 , 427.65 , 233.41
537.53 , 324.43 , 427.30 , 234.95
538.63 , 324.37 , 428.68 , 235.68
533.23 , 313.49 , 432.48 , 232.65
533.23 , 313.49 , 432.48 , 232.65
543.54 , 334.47 , 423.88 , 236.40
558.60 , 356.90 , 418.09 , 239.73
552.32 , 345.11 , 422.95 , 239.20
551.24 , 345.20 , 421.68 , 238.47
544.56 , 335.94 , 424.91 , 238.70
558.55 , 358.44 , 417.81 , 241.38
576.98 , 384.97 , 411.61 , 244.36
568.92 , 369.38 , 416.77 , 242.32
559.60 , 358.31 , 419.01 , 242.08
552.32 , 345.11 , 422.95 , 239.20
553.43 , 345.01 , 424.22 , 239.93
545.66 , 335.84 , 426.22 , 239.41
539.70 , 325.83 , 429.74 , 237.94
539.70 , 325.83 , 429.74 , 237.94
533.16 , 316.57 , 431.79 , 235.65
528.24 , 307.82 , 435.13 , 233.99
529.41 , 307.76 , 436.60 , 234.71
523.76 , 299.59 , 438.39 , 232.24
523.76 , 299.59 , 438.39 , 232.24
534.36 , 314.98 , 433.53 , 234.87
538.63 , 324.37 , 428.68 , 235.68
538.63 , 324.37 , 428.68 , 235.68
533.21 , 315.03 , 432.10 , 234.14
533.21 , 315.03 , 432.10 , 234.14
533.21 , 315.03 , 432.10 , 234.14
535.24 , 329.88 , 424.05 , 238.41
538.63 , 324.37 , 428.68 , 235.68
537.54 , 322.87 , 427.65 , 233.41
550.20 , 343.73 , 420.74 , 236.15
564.86 , 368.31 , 412.42 , 237.77
591.85 , 423.47 , 396.97 , 244.65
604.23 , 441.58 , 392.65 , 242.72
643.27 , 480.47 , 390.44 , 242.41
643.27 , 482.05 , 390.23 , 244.36
689.35 , 544.07 , 382.77 , 245.18
642.46 , 482.30 , 389.35 , 243.66
624.47 , 457.54 , 393.01 , 243.10
663.54 , 510.89 , 385.67 , 244.12
624.47 , 457.54 , 393.01 , 243.10
642.46 , 482.30 , 389.35 , 243.66
624.47 , 457.54 , 393.01 , 243.10
663.54 , 510.89 , 385.67 , 244.12
756.49 , 632.09 , 375.30 , 245.61
689.35 , 544.07 , 382.77 , 245.18
665.16 , 510.35 , 387.33 , 245.52
643.27 , 482.05 , 390.23 , 244.36
626.16 , 457.09 , 394.86 , 244.49
665.12 , 511.91 , 387.18 , 247.52
689.32 , 545.65 , 382.66 , 247.25
664.34 , 510.62 , 386.50 , 244.82
690.16 , 543.77 , 383.55 , 245.88
665.16 , 510.35 , 387.33 , 245.52
625.30 , 457.31 , 393.94 , 243.79
584.53 , 399.32 , 404.94 , 241.50
584.50 , 400.90 , 404.75 , 243.31
574.11 , 383.89 , 408.55 , 240.53
549.14 , 346.96 , 418.89 , 238.71
564.82 , 371.48 , 411.90 , 241.20
556.55 , 358.70 , 415.42 , 240.00
550.15 , 346.85 , 420.14 , 239.39
542.47 , 336.13 , 422.30 , 237.32
527.73 , 322.12 , 424.51 , 237.13
533.09 , 331.63 , 421.21 , 238.64
540.06 , 340.15 , 419.35 , 239.08
561.91 , 375.99 , 408.80 , 242.65
554.83 , 362.90 , 413.49 , 242.26
547.60 , 351.02 , 417.06 , 241.07
540.06 , 340.15 , 419.35 , 239.08
540.06 , 340.15 , 419.35 , 239.08
553.83 , 363.03 , 412.36 , 241.56
546.58 , 351.13 , 415.88 , 240.37
540.06 , 340.15 , 419.35 , 239.08
546.58 , 351.13 , 415.88 , 240.37
564.85 , 369.89 , 412.12 , 239.47
584.53 , 399.32 , 404.94 , 241.50
597.24 , 416.27 , 402.32 , 243.06
610.69 , 435.43 , 398.60 , 243.83
596.34 , 416.46 , 401.30 , 242.36
565.82 , 369.77 , 413.29 , 240.17
565.82 , 369.77 , 413.29 , 240.17
557.58 , 357.01 , 416.87 , 239.01
574.11 , 383.89 , 408.55 , 240.53
584.53 , 399.32 , 404.94 , 241.50
585.46 , 399.16 , 406.01 , 242.20
610.69 , 435.43 , 398.60 , 243.83
575.05 , 383.74 , 409.67 , 241.24
565.82 , 369.77 , 413.29 , 240.17
585.46 , 399.16 , 406.01 , 242.20
550.19 , 345.29 , 420.40 , 237.76
565.82 , 369.77 , 413.29 , 240.17
566.82 , 369.64 , 414.46 , 240.88
557.58 , 357.01 , 416.87 , 239.01
550.15 , 346.85 , 420.14 , 239.39
550.15 , 346.85 , 420.14 , 239.39
557.53 , 358.57 , 416.62 , 240.69
550.19 , 345.29 , 420.40 , 237.76
550.19 , 345.29 , 420.40 , 237.76
557.58 , 357.01 , 416.87 , 239.01
575.05 , 383.74 , 409.67 , 241.24
564.85 , 369.89 , 412.12 , 239.47
584.53 , 399.32 , 404.94 , 241.50
574.11 , 383.89 , 408.55 , 240.53
564.85 , 369.89 , 412.12 , 239.47
557.58 , 357.01 , 416.87 , 239.01
585.46 , 399.16 , 406.01 , 242.20
575.05 , 383.74 , 409.67 , 241.24
574.11 , 383.89 , 408.55 , 240.53
564.85 , 369.89 , 412.12 , 239.47
625.30 , 455.73 , 394.17 , 241.89
643.27 , 482.05 , 390.23 , 244.36
663.54 , 510.89 , 385.67 , 244.12
718.74 , 584.17 , 378.29 , 244.74
689.35 , 544.07 , 382.77 , 245.18
688.58 , 544.36 , 381.98 , 244.48
642.46 , 482.30 , 389.35 , 243.66
608.96 , 435.84 , 396.66 , 242.43
582.78 , 399.65 , 402.79 , 240.11
583.64 , 399.48 , 403.87 , 240.80
608.96 , 435.84 , 396.66 , 242.43
583.64 , 399.48 , 403.87 , 240.80
625.30 , 457.31 , 393.94 , 243.79
609.81 , 435.64 , 397.63 , 243.13
643.27 , 482.05 , 390.23 , 244.36
625.30 , 457.31 , 393.94 , 243.79
624.47 , 457.54 , 393.01 , 243.10
625.30 , 457.31 , 393.94 , 243.79
664.34 , 510.62 , 386.50 , 244.82
763.64 , 621.15 , 379.33 , 243.75
802.89 , 691.96 , 371.56 , 245.67
718.74 , 584.17 , 378.29 , 244.74
719.50 , 583.85 , 379.03 , 245.44
688.58 , 544.36 , 381.98 , 244.48
718.74 , 584.17 , 378.29 , 244.74
663.54 , 510.89 , 385.67 , 244.12
643.27 , 482.05 , 390.23 , 244.36
689.35 , 544.07 , 382.77 , 245.18
664.34 , 509.04 , 386.70 , 242.83
642.45 , 480.70 , 389.54 , 241.69
595.47 , 415.04 , 400.51 , 239.83
624.46 , 455.94 , 393.22 , 241.17
624.46 , 455.94 , 393.22 , 241.17
642.46 , 482.30 , 389.35 , 243.66
624.47 , 457.54 , 393.01 , 243.10
623.67 , 457.77 , 392.07 , 242.40
608.96 , 435.84 , 396.66 , 242.43
572.31 , 384.18 , 406.30 , 239.14
547.24 , 345.56 , 416.57 , 235.65
554.70 , 357.33 , 413.19 , 236.91
572.29 , 385.80 , 406.13 , 240.96
595.44 , 418.24 , 400.12 , 243.54
608.12 , 437.67 , 395.55 , 243.68
641.65 , 484.17 , 388.36 , 244.99
663.52 , 512.49 , 385.57 , 246.17
643.23 , 483.63 , 390.09 , 246.34
719.46 , 585.43 , 378.94 , 247.56
690.11 , 545.33 , 383.42 , 247.93
691.00 , 543.47 , 384.31 , 246.58
721.11 , 583.21 , 380.48 , 246.84
691.00 , 543.47 , 384.31 , 246.58
666.04 , 508.53 , 388.37 , 244.27
666.02 , 510.07 , 388.13 , 246.21
611.61 , 435.23 , 399.56 , 244.53
598.18 , 416.09 , 403.33 , 243.76
611.63 , 433.69 , 399.84 , 242.71
597.26 , 414.71 , 402.60 , 241.27
597.26 , 414.71 , 402.60 , 241.27
565.82 , 369.77 , 413.29 , 240.17
585.46 , 399.16 , 406.01 , 242.20
586.41 , 398.99 , 407.07 , 242.90
585.47 , 397.60 , 406.30 , 240.44
585.47 , 397.60 , 406.30 , 240.44
597.26 , 414.71 , 402.60 , 241.27
585.47 , 397.60 , 406.30 , 240.44
611.61 , 435.23 , 399.56 , 244.53
626.17 , 455.53 , 395.11 , 242.61
610.71 , 433.87 , 398.87 , 241.99
565.83 , 368.21 , 413.61 , 238.50
558.62 , 355.36 , 418.44 , 238.11
575.05 , 383.74 , 409.67 , 241.24
585.46 , 399.16 , 406.01 , 242.20
575.05 , 383.74 , 409.67 , 241.24
575.05 , 383.74 , 409.67 , 241.24
575.05 , 383.74 , 409.67 , 241.24
597.24 , 416.27 , 402.32 , 243.06
610.69 , 435.43 , 398.60 , 243.83
610.69 , 435.43 , 398.60 , 243.83
610.69 , 435.43 , 398.60 , 243.83
610.69 , 435.43 , 398.60 , 243.83
644.99 , 481.55 , 391.95 , 245.75
627.98 , 456.63 , 396.66 , 245.89
666.02 , 510.07 , 388.13 , 246.21
612.56 , 435.02 , 400.50 , 245.23
611.61 , 435.23 , 399.56 , 244.53
586.41 , 398.99 , 407.07 , 242.90
565.82 , 369.77 , 413.29 , 240.17
561.21 , 350.93 , 421.38 , 236.41
553.68 , 339.40 , 424.93 , 235.08
545.84 , 328.81 , 426.99 , 232.94
560.19 , 351.02 , 420.07 , 235.69
568.61 , 363.59 , 416.53 , 236.92
588.65 , 392.52 , 409.31 , 239.09
568.61 , 363.59 , 416.53 , 236.92
588.65 , 392.52 , 409.31 , 239.09
596.34 , 416.46 , 401.30 , 242.36
625.30 , 457.31 , 393.94 , 243.79
643.27 , 482.05 , 390.23 , 244.36
642.46 , 482.30 , 389.35 , 243.66
625.30 , 457.31 , 393.94 , 243.79
663.54 , 510.89 , 385.67 , 244.12
689.35 , 544.07 , 382.77 , 245.18
756.49 , 632.09 , 375.30 , 245.61
719.50 , 583.85 , 379.03 , 245.44
643.27 , 482.05 , 390.23 , 244.36
625.30 , 457.31 , 393.94 , 243.79
643.27 , 480.47 , 390.44 , 242.41
643.27 , 480.47 , 390.44 , 242.41
664.34 , 509.04 , 386.70 , 242.83
689.36 , 542.49 , 382.95 , 243.15
719.51 , 582.27 , 379.19 , 243.36
689.36 , 542.49 , 382.95 , 243.15
665.17 , 508.79 , 387.54 , 243.55
626.17 , 455.53 , 395.11 , 242.61
626.16 , 457.09 , 394.86 , 244.49
644.12 , 480.24 , 391.33 , 243.13
644.11 , 481.80 , 391.10 , 245.05
644.11 , 481.80 , 391.10 , 245.05
610.69 , 435.43 , 398.60 , 243.83
609.81 , 435.64 , 397.63 , 243.13
643.27 , 482.05 , 390.23 , 244.36
644.11 , 481.80 , 391.10 , 245.05
626.16 , 457.09 , 394.86 , 244.49
720.29 , 583.53 , 379.76 , 246.15
803.64 , 691.59 , 372.21 , 246.38
863.42 , 769.60 , 368.38 , 248.58
802.85 , 693.54 , 371.51 , 247.88
719.50 , 583.85 , 379.03 , 245.44
688.58 , 544.36 , 381.98 , 244.48
664.34 , 510.62 , 386.50 , 244.82
585.46 , 399.16 , 406.01 , 242.20
565.82 , 369.77 , 413.29 , 240.17
544.61 , 334.40 , 425.21 , 237.12
559.66 , 356.79 , 419.31 , 240.45
552.32 , 345.11 , 422.95 , 239.20
552.32 , 345.11 , 422.95 , 239.20
551.24 , 345.20 , 421.68 , 238.47
544.61 , 334.40 , 425.21 , 237.12
546.91 , 328.75 , 428.41 , 233.66
527.14 , 306.31 , 433.95 , 231.77
546.91 , 328.75 , 428.41 , 233.66
550.19 , 345.29 , 420.40 , 237.76
549.18 , 345.38 , 419.13 , 237.05
575.05 , 383.74 , 409.67 , 241.24
584.50 , 400.90 , 404.75 , 243.31
564.85 , 369.89 , 412.12 , 239.47
550.19 , 345.29 , 420.40 , 237.76
543.54 , 334.47 , 423.88 , 236.40
527.14 , 306.31 , 433.95 , 231.77
527.14 , 306.31 , 433.95 , 231.77
527.14 , 306.31 , 433.95 , 231.77
512.58 , 275.95 , 448.03 , 225.08
511.32 , 275.93 , 446.32 , 224.34
512.58 , 275.95 , 448.03 , 225.08
506.60 , 262.92 , 453.78 , 220.87
505.27 , 262.88 , 451.97 , 220.12
508.16 , 269.26 , 449.20 , 222.27
504.00 , 255.28 , 456.87 , 217.36
498.96 , 253.95 , 455.09 , 218.38
506.68 , 272.49 , 446.81 , 224.82
509.48 , 267.75 , 451.33 , 221.69
508.17 , 267.70 , 449.55 , 220.92
514.77 , 281.37 , 443.72 , 224.93
514.77 , 281.37 , 443.72 , 224.93
513.56 , 281.34 , 442.04 , 224.17
522.63 , 298.06 , 437.16 , 230.05
518.52 , 290.29 , 440.30 , 228.23
527.14 , 306.31 , 433.95 , 231.77
531.00 , 315.11 , 429.22 , 232.69
537.53 , 324.43 , 427.30 , 234.95
543.54 , 334.47 , 423.88 , 236.40
550.19 , 345.29 , 420.40 , 237.76
558.60 , 356.90 , 418.09 , 239.73
558.62 , 355.36 , 418.44 , 238.11
575.05 , 383.74 , 409.67 , 241.24
566.84 , 368.10 , 414.80 , 239.23
567.87 , 367.99 , 415.98 , 239.97
586.43 , 397.45 , 407.39 , 241.17
611.63 , 433.69 , 399.84 , 242.71
598.18 , 416.09 , 403.33 , 243.76
587.40 , 398.82 , 408.12 , 243.61
558.60 , 356.90 , 418.09 , 239.73
576.03 , 383.60 , 410.78 , 241.94
576.03 , 383.60 , 410.78 , 241.94
565.82 , 369.77 , 413.29 , 240.17
565.82 , 369.77 , 413.29 , 240.17
586.41 , 398.99 , 407.07 , 242.90
611.61 , 435.23 , 399.56 , 244.53
611.61 , 435.23 , 399.56 , 244.53
644.99 , 481.55 , 391.95 , 245.75
690.16 , 543.77 , 383.55 , 245.88
690.16 , 543.77 , 383.55 , 245.88
665.16 , 510.35 , 387.33 , 245.52
644.11 , 481.80 , 391.10 , 245.05
689.35 , 544.07 , 382.77 , 245.18
689.35 , 544.07 , 382.77 , 245.18
719.50 , 583.85 , 379.03 , 245.44
719.50 , 583.85 , 379.03 , 245.44
756.49 , 632.09 , 375.30 , 245.61
749.03 , 642.86 , 371.28 , 247.41
658.57 , 519.25 , 382.33 , 246.83
658.53 , 520.85 , 382.21 , 248.91
604.23 , 443.20 , 392.43 , 244.66
637.10 , 490.45 , 385.20 , 245.75
637.89 , 490.18 , 386.01 , 246.43
664.34 , 510.62 , 386.50 , 244.82
689.35 , 544.07 , 382.77 , 245.18
719.50 , 583.85 , 379.03 , 245.44
665.16 , 510.35 , 387.33 , 245.52
720.29 , 583.53 , 379.76 , 246.15
690.16 , 543.77 , 383.55 , 245.88
720.24 , 585.09 , 379.65 , 248.24
621.10 , 464.77 , 390.53 , 246.63
621.10 , 464.77 , 390.53 , 246.63
610.69 , 435.43 , 398.60 , 243.83
585.46 , 399.16 , 406.01 , 242.20
576.03 , 383.60 , 410.78 , 241.94
566.82 , 369.64 , 414.46 , 240.88
576.03 , 383.60 , 410.78 , 241.94
597.24 , 416.27 , 402.32 , 243.06
626.16 , 457.09 , 394.86 , 244.49
610.69 , 435.43 , 398.60 , 243.83
596.34 , 416.46 , 401.30 , 242.36
584.53 , 399.32 , 404.94 , 241.50
564.85 , 369.89 , 412.12 , 239.47
556.59 , 357.12 , 415.65 , 238.31
574.11 , 383.89 , 408.55 , 240.53
596.34 , 416.46 , 401.30 , 242.36
596.34 , 416.46 , 401.30 , 242.36
584.53 , 399.32 , 404.94 , 241.50
563.92 , 370.02 , 410.95 , 238.77
555.63 , 357.22 , 414.42 , 237.61
583.64 , 399.48 , 403.87 , 240.80
595.47 , 416.64 , 400.28 , 241.67
563.92 , 370.02 , 410.95 , 238.77
555.63 , 357.22 , 414.42 , 237.61
574.11 , 383.89 , 408.55 , 240.53
555.63 , 357.22 , 414.42 , 237.61
560.97 , 374.54 , 408.01 , 240.21
570.98 , 388.62 , 405.51 , 241.88
575.05 , 383.74 , 409.67 , 241.24
575.05 , 383.74 , 409.67 , 241.24
565.82 , 369.77 , 413.29 , 240.17
550.19 , 345.29 , 420.40 , 237.76
534.17 , 329.95 , 422.76 , 237.70
534.17 , 329.95 , 422.76 , 237.70
537.53 , 324.43 , 427.30 , 234.95
532.09 , 315.07 , 430.66 , 233.41
527.14 , 306.31 , 433.95 , 231.77
543.54 , 334.47 , 423.88 , 236.40
532.09 , 315.07 , 430.66 , 233.41
527.14 , 306.31 , 433.95 , 231.77
527.09 , 307.87 , 433.66 , 233.28
522.59 , 299.63 , 436.87 , 231.52
533.21 , 315.03 , 432.10 , 234.14
527.14 , 306.31 , 433.95 , 231.77
522.63 , 298.06 , 437.16 , 230.05
518.52 , 290.29 , 440.30 , 228.23
522.63 , 298.06 , 437.16 , 230.05
527.14 , 306.31 , 433.95 , 231.77
532.09 , 315.07 , 430.66 , 233.41
543.54 , 334.47 , 423.88 , 236.40
566.82 , 369.64 , 414.46 , 240.88
576.03 , 383.60 , 410.78 , 241.94
576.03 , 383.60 , 410.78 , 241.94
551.24 , 345.20 , 421.68 , 238.47
552.26 , 346.63 , 422.64 , 240.79
551.18 , 346.74 , 421.39 , 240.09
552.26 , 346.63 , 422.64 , 240.79
545.66 , 335.84 , 426.22 , 239.41
566.77 , 371.18 , 414.19 , 242.57
558.55 , 358.44 , 417.81 , 241.38
558.55 , 358.44 , 417.81 , 241.38
566.77 , 371.18 , 414.19 , 242.57
565.77 , 371.33 , 413.05 , 241.88
558.55 , 358.44 , 417.81 , 241.38
598.13 , 417.63 , 403.10 , 245.57
611.56 , 436.77 , 399.34 , 246.37
644.93 , 483.09 , 391.77 , 247.68
690.95 , 545.01 , 384.16 , 248.60
665.97 , 511.62 , 387.97 , 248.19
645.84 , 482.82 , 392.59 , 248.36
627.93 , 458.15 , 396.44 , 247.76
666.76 , 512.85 , 388.62 , 250.85
691.82 , 544.70 , 384.88 , 249.27
721.91 , 584.41 , 381.02 , 249.59
721.91 , 584.41 , 381.02 , 249.59
666.85 , 511.32 , 388.74 , 248.87
644.99 , 481.55 , 391.95 , 245.75
627.98 , 456.63 , 396.66 , 245.89
587.34 , 400.35 , 407.86 , 245.35
598.18 , 416.09 , 403.33 , 243.76
611.56 , 436.77 , 399.34 , 246.37
575.01 , 385.31 , 409.44 , 242.98
575.01 , 385.31 , 409.44 , 242.98
598.13 , 417.63 , 403.10 , 245.57
627.06 , 456.86 , 395.76 , 245.19
598.18 , 416.09 , 403.33 , 243.76
599.09 , 417.42 , 404.07 , 246.25
627.93 , 458.15 , 396.44 , 247.76
628.89 , 457.90 , 397.30 , 248.43
613.48 , 436.31 , 401.18 , 247.73
599.15 , 415.90 , 404.33 , 244.47
627.98 , 456.63 , 396.66 , 245.89
612.56 , 435.02 , 400.50 , 245.23
612.56 , 435.02 , 400.50 , 245.23
600.15 , 415.71 , 405.31 , 245.18
600.09 , 417.21 , 405.04 , 246.94
589.49 , 398.49 , 410.20 , 245.04
568.86 , 370.88 , 416.46 , 243.96
567.79 , 371.03 , 415.33 , 243.27
567.79 , 371.03 , 415.33 , 243.27
560.75 , 356.68 , 420.52 , 241.17
559.66 , 356.79 , 419.31 , 240.45
542.19 , 339.96 , 421.82 , 240.50
548.66 , 350.91 , 418.24 , 241.78
535.24 , 329.88 , 424.05 , 238.41
544.61 , 334.40 , 425.21 , 237.12
558.60 , 356.90 , 418.09 , 239.73
551.24 , 345.20 , 421.68 , 238.47
538.63 , 324.37 , 428.68 , 235.68
533.21 , 315.03 , 432.10 , 234.14
533.21 , 315.03 , 432.10 , 234.14
544.61 , 334.40 , 425.21 , 237.12
554.83 , 362.90 , 413.49 , 242.26
571.92 , 390.03 , 406.23 , 244.34
571.92 , 390.03 , 406.23 , 244.34
566.82 , 369.64 , 414.46 , 240.88
553.83 , 363.03 , 412.36 , 241.56
571.92 , 390.03 , 406.23 , 244.34
592.73 , 423.26 , 397.91 , 245.34
605.93 , 442.75 , 394.23 , 246.03
581.17 , 405.86 , 401.57 , 244.54
570.04 , 390.36 , 404.17 , 242.96
591.85 , 423.47 , 396.97 , 244.65
597.24 , 416.27 , 402.32 , 243.06
626.16 , 457.09 , 394.86 , 244.49
597.24 , 416.27 , 402.32 , 243.06
610.69 , 435.43 , 398.60 , 243.83
644.11 , 481.80 , 391.10 , 245.05
625.30 , 457.31 , 393.94 , 243.79
609.81 , 435.64 , 397.63 , 243.13
643.27 , 482.05 , 390.23 , 244.36
689.35 , 544.07 , 382.77 , 245.18
643.27 , 482.05 , 390.23 , 244.36
689.36 , 542.49 , 382.95 , 243.15
664.34 , 509.04 , 386.70 , 242.83
719.51 , 582.27 , 379.19 , 243.36
689.36 , 542.49 , 382.95 , 243.15
802.89 , 690.38 , 371.69 , 243.49
942.72 , 868.24 , 364.22 , 243.22
1054.98 , 1009.47 , 360.52 , 242.94
756.49 , 630.51 , 375.44 , 243.48
689.35 , 544.07 , 382.77 , 245.18
643.27 , 480.47 , 390.44 , 242.41
626.17 , 455.53 , 395.11 , 242.61
610.71 , 433.87 , 398.87 , 241.99
626.17 , 455.53 , 395.11 , 242.61
664.34 , 509.04 , 386.70 , 242.83
643.27 , 480.47 , 390.44 , 242.41
643.27 , 480.47 , 390.44 , 242.41
609.82 , 434.06 , 397.88 , 241.27
643.27 , 480.47 , 390.44 , 242.41
642.45 , 480.70 , 389.54 , 241.69
624.46 , 455.94 , 393.22 , 241.17
642.45 , 480.70 , 389.54 , 241.69
642.45 , 480.70 , 389.54 , 241.69
688.57 , 542.76 , 382.13 , 242.42
609.82 , 434.06 , 397.88 , 241.27
584.54 , 397.74 , 405.21 , 239.72
549.18 , 343.80 , 419.44 , 235.42
529.94 , 313.56 , 428.09 , 230.43
529.94 , 313.56 , 428.09 , 230.43
541.49 , 333.02 , 421.52 , 233.37
535.43 , 322.95 , 424.84 , 231.94
535.43 , 322.95 , 424.84 , 231.94
535.43 , 322.95 , 424.84 , 231.94
541.49 , 333.02 , 421.52 , 233.37
555.63 , 355.62 , 414.70 , 235.92
548.19 , 343.87 , 418.14 , 234.69
563.88 , 366.82 , 411.55 , 235.36
595.47 , 415.04 , 400.51 , 239.83
583.64 , 397.88 , 404.12 , 239.00
573.19 , 382.43 , 407.69 , 238.07
595.47 , 415.04 , 400.51 , 239.83
595.47 , 415.04 , 400.51 , 239.83
624.47 , 457.54 , 393.01 , 243.10
663.54 , 510.89 , 385.67 , 244.12
688.58 , 544.36 , 381.98 , 244.48
755.75 , 632.44 , 374.59 , 244.90
755.75 , 632.44 , 374.59 , 244.90
718.02 , 584.50 , 377.52 , 244.03
755.04 , 632.79 , 373.87 , 244.18
861.34 , 769.24 , 366.57 , 244.19
718.02 , 584.50 , 377.52 , 244.03
687.82 , 543.04 , 381.30 , 241.69
662.77 , 509.55 , 384.97 , 241.38
642.45 , 480.70 , 389.54 , 241.69
643.27 , 480.47 , 390.44 , 242.41
642.45 , 480.70 , 389.54 , 241.69
625.30 , 455.73 , 394.17 , 241.89
642.45 , 480.70 , 389.54 , 241.69
625.30 , 455.73 , 394.17 , 241.89
664.34 , 509.04 , 386.70 , 242.83
719.51 , 582.27 , 379.19 , 243.36
726.01 , 572.23 , 383.28 , 241.50
694.54 , 533.41 , 386.21 , 240.48
725.23 , 572.50 , 382.45 , 240.76
694.54 , 534.99 , 386.05 , 242.48
762.89 , 621.47 , 378.56 , 243.04
810.10 , 680.27 , 374.81 , 243.16
762.89 , 621.47 , 378.56 , 243.04
724.49 , 574.38 , 381.48 , 242.09
647.61 , 474.04 , 393.50 , 241.52
613.51 , 428.40 , 400.89 , 240.15
588.65 , 390.96 , 409.58 , 237.36
588.65 , 390.96 , 409.58 , 237.36
578.04 , 377.35 , 412.94 , 238.05
601.60 , 409.20 , 406.74 , 240.73
631.03 , 449.31 , 399.20 , 242.30
648.44 , 473.81 , 394.46 , 242.22
631.03 , 449.31 , 399.20 , 242.30
631.03 , 449.31 , 399.20 , 242.30
614.39 , 428.22 , 401.94 , 240.86
614.39 , 428.22 , 401.94 , 240.86
615.25 , 429.58 , 402.79 , 243.38
601.55 , 410.74 , 406.53 , 242.51
589.55 , 393.92 , 410.24 , 241.53
588.65 , 392.52 , 409.31 , 239.09
614.39 , 428.22 , 401.94 , 240.86
578.96 , 378.77 , 413.91 , 240.46
553.64 , 340.94 , 424.67 , 236.67
561.21 , 350.93 , 421.38 , 236.41
550.19 , 345.29 , 420.40 , 237.76
542.50 , 334.55 , 422.55 , 235.69
556.59 , 357.12 , 415.65 , 238.31
608.14 , 436.05 , 395.67 , 241.74
623.67 , 457.77 , 392.07 , 242.40
623.65 , 456.15 , 392.25 , 240.45
641.52 , 487.42 , 388.37 , 249.14
595.29 , 421.46 , 400.00 , 247.39
624.43 , 454.34 , 393.49 , 239.28
608.92 , 432.65 , 397.16 , 238.70
583.43 , 393.07 , 405.28 , 233.83
573.16 , 380.83 , 408.01 , 236.35
547.24 , 345.56 , 416.57 , 235.65
572.17 , 379.32 , 407.21 , 233.89
563.00 , 368.53 , 410.01 , 236.33
377.85 , 269.65 , 346.00 , 269.18
385.23 , 260.80 , 357.62 , 261.70
388.14 , 259.44 , 360.80 , 258.92
393.90 , 256.91 , 367.13 , 253.54
382.95 , 276.22 , 353.37 , 247.37
385.01 , 263.42 , 360.26 , 240.81
392.13 , 267.73 , 365.39 , 243.17
397.42 , 275.81 , 365.38 , 244.69
401.21 , 276.99 , 367.78 , 244.34
405.84 , 283.34 , 368.43 , 245.95
410.73 , 289.22 , 371.74 , 251.24
416.44 , 292.67 , 370.09 , 243.76
407.59 , 174.33 , 406.72 , 170.72
445.63 , 366.09 , 358.56 , 263.25
586.48 , 731.99 , 315.40 , 256.58
446.68 , 325.70 , 374.25 , 247.83
445.26 , 318.27 , 377.45 , 247.01
460.96 , 329.24 , 381.95 , 246.62
454.55 , 291.75 , 398.72 , 239.28
447.78 , 264.96 , 410.02 , 231.62
459.50 , 262.72 , 424.30 , 234.22
456.38 , 252.67 , 427.48 , 228.90
504.91 , 402.05 , 372.38 , 258.39
646.90 , 663.41 , 342.32 , 249.43
-1019.74 , -2179.01 , 307.03 , 238.48
70.04 , -240.16 , 290.44 , 224.84
474.67 , 297.98 , 408.54 , 238.31
459.75 , 199.10 , 454.81 , 192.82
465.27 , 220.90 , 450.38 , 206.33
488.25 , 297.43 , 419.75 , 239.20
870.16 , 954.70 , 340.93 , 250.18
507.54 , 330.74 , 408.27 , 241.82
883.05 , 942.99 , 344.50 , 251.57
1901.77 , 2462.15 , 331.81 , 246.56
-16329.80 , -23658.23 , 328.80 , 240.65
619.10 , 512.85 , 372.35 , 248.77
667.85 , 572.39 , 368.59 , 248.79
1971.74 , 2391.08 , 338.31 , 246.31
-36.95 , -340.62 , 307.58 , 233.00
559.80 , 401.81 , 393.84 , 244.35
-1231.25 , -2008.72 , 325.60 , 240.33
670.69 , 570.89 , 371.04 , 251.51
530.71 , 335.43 , 418.21 , 240.39
502.55 , 278.77 , 440.30 , 228.58
1192.05 , 1263.78 , 349.79 , 248.54
532.83 , 335.24 , 420.61 , 241.79
503.69 , 272.31 , 447.99 , 228.78
493.44 , 243.44 , 461.49 , 217.51
493.65 , 248.76 , 457.20 , 219.14
497.24 , 266.00 , 445.91 , 224.43
675.91 , 562.70 , 373.88 , 248.32
-285.97 , -667.02 , 319.16 , 237.81
 3.10 , -276.25 , 307.93 , 238.76
708.90 , 602.02 , 373.22 , 251.84
548.66 , 350.91 , 418.24 , 241.78
525.11 , 311.52 , 430.81 , 235.37
540.06 , 340.15 , 419.35 , 239.08
3638.40 , 4520.02 , 339.03 , 245.87
-460.77 , -873.27 , 326.03 , 241.59
-1292.50 , -1940.37 , 332.25 , 242.10
106.34 , -114.70 , 299.60 , 229.79
33.40 , -221.48 , 307.71 , 236.61
-107.29 , -408.80 , 316.54 , 240.03
-107.24 , -410.38 , 316.40 , 237.01
-48.64 , -332.38 , 313.37 , 235.60
-186.24 , -512.82 , 319.35 , 237.48
-460.77 , -873.27 , 326.03 , 241.59
-2955.17 , -4072.80 , 335.89 , 243.82
3702.46 , 4443.05 , 342.81 , 245.41
2039.15 , 2311.39 , 346.34 , 246.08
1043.59 , 1027.65 , 357.59 , 248.22
854.83 , 780.78 , 365.01 , 248.70
933.36 , 883.93 , 361.29 , 248.51
933.36 , 883.93 , 361.29 , 248.51
854.07 , 781.21 , 364.49 , 248.00
804.43 , 691.21 , 372.83 , 247.08
864.24 , 767.63 , 369.02 , 247.05
804.43 , 691.21 , 372.83 , 247.08
750.58 , 642.12 , 372.51 , 248.79
854.83 , 780.78 , 365.01 , 248.70
1055.69 , 1010.59 , 360.97 , 245.99
757.26 , 631.75 , 375.98 , 246.31
690.16 , 543.77 , 383.55 , 245.88
644.11 , 481.80 , 391.10 , 245.05
644.11 , 481.80 , 391.10 , 245.05
626.16 , 457.09 , 394.86 , 244.49
585.46 , 399.16 , 406.01 , 242.20
576.03 , 383.60 , 410.78 , 241.94
575.05 , 383.74 , 409.67 , 241.24
585.46 , 399.16 , 406.01 , 242.20
585.46 , 399.16 , 406.01 , 242.20
594.63 , 416.82 , 399.24 , 240.98
594.63 , 416.82 , 399.24 , 240.98
582.78 , 399.65 , 402.79 , 240.11
608.14 , 436.05 , 395.67 , 241.74
641.67 , 482.55 , 388.45 , 242.96
623.67 , 457.77 , 392.07 , 242.40
643.27 , 482.05 , 390.23 , 244.36
609.81 , 435.64 , 397.63 , 243.13
624.47 , 457.54 , 393.01 , 243.10
584.53 , 399.32 , 404.94 , 241.50
609.81 , 435.64 , 397.63 , 243.13
596.34 , 416.46 , 401.30 , 242.36
596.34 , 416.46 , 401.30 , 242.36
584.53 , 399.32 , 404.94 , 241.50
585.46 , 399.16 , 406.01 , 242.20
564.85 , 369.89 , 412.12 , 239.47
564.86 , 368.31 , 412.42 , 237.77
564.85 , 369.89 , 412.12 , 239.47
563.92 , 370.02 , 410.95 , 238.77
563.92 , 370.02 , 410.95 , 238.77
573.19 , 382.43 , 407.69 , 238.07
563.91 , 368.42 , 411.22 , 237.05
583.64 , 397.88 , 404.12 , 239.00
555.63 , 355.62 , 414.70 , 235.92
595.47 , 416.64 , 400.28 , 241.67
623.67 , 457.77 , 392.07 , 242.40
608.96 , 435.84 , 396.66 , 242.43
608.96 , 435.84 , 396.66 , 242.43
642.46 , 482.30 , 389.35 , 243.66
595.47 , 416.64 , 400.28 , 241.67
583.64 , 399.48 , 403.87 , 240.80
595.47 , 416.64 , 400.28 , 241.67
583.64 , 399.48 , 403.87 , 240.80
583.64 , 399.48 , 403.87 , 240.80
573.20 , 384.03 , 407.43 , 239.84
577.07 , 379.06 , 411.55 , 239.09
549.14 , 346.96 , 418.89 , 238.71
543.50 , 336.03 , 423.61 , 238.01
556.55 , 358.70 , 415.42 , 240.00
610.65 , 437.00 , 398.41 , 245.70
597.20 , 417.83 , 402.11 , 244.89
597.20 , 417.83 , 402.11 , 244.89
584.50 , 400.90 , 404.75 , 243.31
610.69 , 435.43 , 398.60 , 243.83
644.11 , 481.80 , 391.10 , 245.05
626.16 , 457.09 , 394.86 , 244.49
643.27 , 482.05 , 390.23 , 244.36
625.30 , 457.31 , 393.94 , 243.79
644.11 , 481.80 , 391.10 , 245.05
690.17 , 542.21 , 383.75 , 243.87
666.93 , 508.28 , 389.19 , 244.99
721.13 , 581.67 , 380.68 , 244.81
750.60 , 640.56 , 372.70 , 246.65
796.13 , 701.44 , 368.92 , 246.60
803.64 , 691.59 , 372.21 , 246.38
720.30 , 581.97 , 379.95 , 244.09
802.89 , 690.38 , 371.69 , 243.49
803.65 , 690.03 , 372.36 , 244.22
943.46 , 867.83 , 364.81 , 243.97
1055.70 , 1009.03 , 361.06 , 243.69
1223.70 , 1220.44 , 356.83 , 242.56
862.72 , 768.43 , 367.84 , 245.63
802.89 , 691.96 , 371.56 , 245.67
862.72 , 768.43 , 367.84 , 245.63
802.89 , 691.96 , 371.56 , 245.67
802.89 , 691.96 , 371.56 , 245.67
757.26 , 631.75 , 375.98 , 246.31
804.43 , 691.21 , 372.83 , 247.08
804.43 , 691.21 , 372.83 , 247.08
758.07 , 631.40 , 376.65 , 247.01
721.91 , 584.41 , 381.02 , 249.59
666.02 , 510.07 , 388.13 , 246.21
644.99 , 481.55 , 391.95 , 245.75
645.90 , 481.30 , 392.80 , 246.45
627.06 , 456.86 , 395.76 , 245.19
627.07 , 455.32 , 396.04 , 243.34
612.56 , 435.02 , 400.50 , 245.23
612.56 , 435.02 , 400.50 , 245.23
627.06 , 456.86 , 395.76 , 245.19
611.61 , 435.23 , 399.56 , 244.53
599.15 , 415.90 , 404.33 , 244.47
599.15 , 415.90 , 404.33 , 244.47
587.40 , 398.82 , 408.12 , 243.61
560.75 , 356.68 , 420.52 , 241.17
577.04 , 383.45 , 411.89 , 242.65
577.04 , 383.45 , 411.89 , 242.65
599.15 , 415.90 , 404.33 , 244.47
586.41 , 398.99 , 407.07 , 242.90
